state_name,Alabama,Alaska,Arizona,Arkansas,California,Colorado,Connecticut,Delaware,District of Columbia,Florida,Georgia,Hawaii,Idaho,Illinois,Indiana,Iowa,Kansas,Kentucky,Louisiana,Maine,Maryland,Massachusetts,Michigan,Minnesota,Mississippi,Missouri,Montana,Nebraska,Nevada,New Hampshire,New Jersey,New Mexico,New York,North Carolina,North Dakota,Ohio,Oklahoma,Oregon,Pennsylvania,Rhode Island,South Carolina,South Dakota,Tennessee,Texas,Utah,Vermont,Virginia,Washington,West Virginia,Wisconsin,Wyoming
Alabama,0,5373551.468093262,2336029.638203545,593549.9818384383,2999261.366338797,1803984.3126225742,1547583.0301062965,1227926.3302151142,1094945.5907681326,756489.6165367551,271110.63406279497,7013319.536886824,2751296.3148541437,930101.9998583862,793696.1190368505,1136119.6298651784,1065545.388021846,551631.8418661999,516076.6791462512,1933711.605616908,1124804.236575202,1699345.0095929627,1117588.455087305,1475304.1690202125,268376.46919534355,776527.4176547466,2578928.0217469395,1302902.0691857638,2712126.2102713482,1746911.7143133485,1372892.8950392874,1820350.188933971,1428379.1223984554,711357.2258852344,1912534.4255734072,899513.606653118,970816.728690557,3337236.5482919477,1199072.648054242,1663092.6443134875,545525.0598139798,1619116.6067380651,312748.2473719292,1029149.5934940287,2383960.076408424,1724866.515796645,970931.2078194383,3329948.355587304,841146.3168345577,1205466.5762386175,2074249.8966516212
Alaska,5373551.468093262,0,4081351.4961744105,4867693.537441741,3555534.417411321,3825232.3689306206,5357477.748936481,5402725.728555499,5364919.887409069,6124517.059315888,5492935.679912288,4523894.977868441,2912645.5179128437,4552573.9892203165,4764270.252840922,4248354.717838842,4369702.923829985,5021440.414528437,5333731.237329007,5278195.215363035,5356172.728006754,5368731.637708074,4641443.933717688,3948201.805578452,5262356.705502951,4598342.763567325,2885994.1949175783,4087547.7798710032,3533212.6116735125,5287614.357119183,5368210.767889267,4218320.543627272,5265492.839076206,5523004.348193616,3470026.7312839665,4923959.462863361,4607912.080980285,2523405.47174283,5230122.5301212,5409110.365675516,5587463.717512427,3757085.9680340705,5141456.929191448,5015138.209642178,3413286.3335895604,5137377.433128322,5419552.758290121,2333198.7770116194,5177260.602484958,4313454.691552254,3451596.8326659743
Arizona,2336029.638203545,4081351.4961744105,0,1777420.3641480834,723967.4145614424,905602.8653298946,3534854.4447711897,3302533.0426635677,3176347.415157163,2952669.6909657856,2595973.4341227273,4677607.155566339,1238150.524206783,2249283.7086255425,2397012.560966892,1908607.1760280358,1498320.0309678311,2453310.7616216363,1941555.0441974055,3806526.717631536,3195284.9910506206,3662854.9606201807,2629404.296980934,2044997.4689377004,2080905.0347384647,1857702.0266247399,1490739.9279240184,1550900.1452015943,566890.7498825605,3659547.7235942897,3400150.625675995,527922.9862862955,3388856.5508021703,2956072.2079781867,1878137.7369794818,2695057.808206321,1400953.967506811,1564101.8472064643,3181747.0284412415,3653902.675019671,2850516.550489388,1623673.9531070695,2348842.1826965054,1393762.825641767,780519.4057236087,3559279.6634023325,3107832.4521263465,1754772.3859271398,2853505.9537171978,2288129.860823428,1118901.1734798367
Arkansas,593549.9818384383,4867693.537441741,1777420.3641480834,0,2418485.4349721167,1212252.5159118199,1862997.6186000973,1584597.2392710338,1451033.4852479945,1323315.559141548,831050.312732533,6445154.042891105,2169208.3375817216,777326.87111071,791649.4672326791,755978.2011961021,501295.4039807456,727110.1866956806,501738.43892979954,2201992.588386489,1474791.649702341,2006955.7808020592,1126797.1708701462,1119873.4782746271,401332.9061569,366423.3726664993,2024222.4759673486,783962.7801116647,2124650.3858208517,2028769.3206418024,1705276.7846619883,1252566.4672074434,1723386.0105713073,1181477.8649534467,1464451.1742766032,1050213.9320316792,383303.41962486604,2751327.803862123,1496092.0642575906,1984617.5126284321,1074861.8214876368,1125030.944774357,576064.6707315427,643633.6948583293,1790991.139788254,1964677.668376371,1361250.7572187432,2756735.478047939,1135454.1317224547,1002375.0695724819,1498404.8856905252
California,2999261.366338797,3555534.417411321,723967.4145614424,2418485.4349721167,0,1325171.0887312752,4058993.7501372024,3861008.675638477,3742734.4759158343,3650853.6563936565,3248937.173856654,4035196.89257221,1034473.4238474853,2763604.8027258147,2940449.484082315,2386280.3019068516,2057557.6731045202,3041706.2521976964,2640256.773743458,4285751.727154013,3757992.790653499,4174354.357376246,3119907.45134062,2426584.2841219935,2755155.8637093855,2429712.112715311,1425063.3214844991,2019916.86560245,331713.33746413264,4157195.922572594,3941530.007824404,1186114.035365275,3913482.2940739505,3573837.434102902,2120674.3461205973,3235995.621509885,2035183.8176497687,1066974.6535470264,3723785.1136880373,4173417.43538659,3490039.5238312255,1976275.1789745868,2971912.20246123,2104520.119760826,849970.9236393786,4041388.0211787727,3691381.067102943,1331730.2433919518,3423894.2431270615,2741690.9872763306,1331344.0067261127
Colorado,1803984.3126225742,3825232.3689306206,905602.8653298946,1212252.5159118199,1325171.0887312752,0,2733831.493764778,2541117.6776026003,2425952.023872005,2530084.6700248057,2023563.8494017338,5340418.649194685,977903.5496324922,1438913.4517566473,1620532.954369902,1062073.1348794478,766254.2596616115,1743540.746826627,1581287.788625798,2966846.5491509256,2439829.2402263773,2849659.833515133,1796103.79045407,1146479.3700012239,1600787.1458015735,1132946.1128158388,947049.4766021967,695190.3831834656,998643.7085364242,2834134.3798033535,2617766.7984943176,551134.739249463,2588355.1095772847,2292853.5357389417,992183.5741160833,1913921.9247990942,857320.1592431967,1545904.0054722787,2400523.5772854984,2848301.6269166428,2236772.4304105905,718097.424208741,1709711.9951640712,1191361.5869160949,582363.2931641336,2721248.5547684664,2382827.686833726,1582678.0554653427,2110692.2408884224,1425110.5653168652,384875.149488125
Connecticut,1547583.0301062965,5357477.748936481,3534854.4447711897,1862997.6186000973,4058993.7501372024,2733831.493764778,0,329121.33082998643,454859.5244707492,1714265.0768647366,1325349.3255575388,8050744.9237479335,3432660.412071217,1296481.5120509842,1138204.8607756072,1674933.5814828824,2036564.6279563822,1136486.8026827446,2053119.0499721223,403022.6859712147,424045.4295217618,151848.9072984125,947865.9063381144,1722943.1452327948,1780076.2385884735,1682544.2559034359,3098161.9875067724,2039714.4288542196,3731659.589031784,217672.886774805,176845.78495171908,3015008.954918324,146164.8928250603,886666.5144298467,2191347.0645929165,841005.773035033,2181208.1987805516,3998742.687759972,367003.8445145082,121674.37225097856,1095419.631175494,2148279.6228995346,1331062.9286517748,2484375.7693121633,3262649.2310342295,288648.4674142782,589169.6010758799,3871556.8045224734,733571.3301092915,1345662.7611369744,2808821.714992294
Delaware,1227926.3302151142,5402725.728555499,3302533.0426635677,1584597.2392710338,3861008.675638477,2541117.6776026003,329121.33082998643,0,135500.9136872579,1397472.2277294218,998612.691935765,7879406.409549167,3304659.17412841,1110418.5122149347,920819.8751578712,1503217.542018645,1811906.4358029978,860887.767614977,1738379.4184681738,731028.6148943824,109810.54658448191,479313.207151626,823822.6615703544,1616986.2038906475,1468302.05342168,1445459.264392907,2996741.0917737028,1856853.3747742176,3538550.241036736,543443.2838066686,153124.23634614382,2777186.0335948914,250815.3314430119,557584.5045095391,2109201.3379592504,628769.52555526,1923068.0672006488,3883838.9692578604,174031.84212561353,437703.21439139155,766417.1308529518,2011651.7863969055,1031435.7101196372,2190117.577905056,3091283.564362196,573235.5102890525,260996.46717076784,3780104.103445337,452037.09093092795,1221499.7162784757,2656175.2643958246
District of Columbia,1094945.5907681326,5364919.887409069,3176347.415157163,1451033.4852479945,3742734.4759158343,2425952.023872005,454859.5244707492,135500.9136872579,0,1302224.8305774194,870723.2308209386,7766090.609110756,3207689.064600067,1004427.828663266,806277.5405047062,1398475.8272290637,1689637.5573476562,729338.7573241408,1604114.2942890762,851643.2652587348,31735.535412964367,606577.5454513087,748337.8426272254,1534511.2570987549,1333442.4991021836,1321043.9451106386,2909274.2327410257,1746576.3265207817,3421863.5967702502,663181.1922835889,278603.8992461118,2650194.993561663,352537.07344362926,441202.7134715074,2031919.7277757465,522851.5595884315,1792693.6949327223,3790132.6827896,171693.82354366127,568326.1071275605,649570.8406239335,1915732.6949058166,896032.1513018179,2054751.079906522,2981300.995484585,673895.7299391966,140559.96976086602,3694357.684170435,322879.9298571389,1136800.6845102087,2552769.6151165413
Florida,756489.6165367551,6124517.059315888,2952669.6909657856,1323315.559141548,3650853.6563936565,2530084.6700248057,1714265.0768647366,1397472.2277294218,1302224.8305774194,0,652344.39201449,7606432.493517585,3492512.3668505084,1615811.259189383,1431916.7733240004,1877949.0543552418,1814207.8524183193,1159386.6241498855,1011537.875368055,2114216.8195191333,1332819.9806674097,1853554.8946368895,1685824.7857384402,2199709.2691501053,929318.6294544424,1532019.319404565,3333586.029993953,2059315.383950888,3385676.8467380255,1931892.9984288912,1547040.0587093339,2465749.392742014,1646520.8333278017,876245.8101688077,2657140.7261575283,1405172.0914423552,1676160.9007379422,4073481.8345316537,1464307.568441014,1801647.5490145772,690236.107714472,2374053.0020933035,991651.7841117213,1563659.169482992,3102398.3714774344,1970144.4302206093,1163755.6696787775,4078328.064644772,1219889.1359641904,1884246.1680967212,2820353.069286353
Georgia,271110.63406279497,5492935.679912288,2595973.4341227273,831050.312732533,3248937.173856654,2023563.8494017338,1325349.3255575388,998612.691935765,870723.2308209386,652344.39201449,0,7271133.723627472,2949887.054037474,964094.8260839878,780831.2896772051,1246206.9971280405,1266437.9415571291,508717.0486260739,777770.6646381828,1721171.878797575,901886.3015510114,1476825.0032941722,1054435.5413052144,1553891.7010370377,539485.2121445978,935879.514079884,2749898.8624960785,1469608.839994168,2955499.8175949208,1532822.0467018206,1148649.8388326347,2076297.644863855,1217065.5393307905,456442.79418460367,2022982.8090491812,791703.881891709,1214134.7862639497,3539834.754870744,995459.4514990136,1436310.0306751046,275753.57883398246,1762396.348036207,352594.03137276927,1300240.6374278888,2605842.9221647824,1527229.430359299,737722.4901293365,3515363.504125628,664757.977403217,1231903.1984148696,2268971.7926115557
Hawaii,7013319.536886824,4523894.977868441,4677607.155566339,6445154.042891105,4035196.89257221,5340418.649194685,8050744.9237479335,7879406.409549167,7766090.609110756,7606432.493517585,7271133.723627472,0,4649040.7977014035,6770840.482420792,6960064.775393018,6381581.584771013,6090329.653413036,7075304.152230099,6604586.867329309,8226995.387455049,7779439.07360913,8152703.890639798,7102881.343732325,6345968.153720763,6758219.380021976,6462576.1208346365,5028457.337613912,6023015.851198809,4348149.491477295,8122021.406256661,7948298.29456879,5194848.681127771,7907882.855714639,7608802.641651229,5928025.80995593,7250841.046823723,6062937.008122731,4132299.770764741,7733521.484224826,8159278.096894156,7519772.597997469,5906742.887336133,7005560.931789774,6045474.273732901,4790441.4434255,7992377.373864106,7721789.669741205,4335932.9616875965,7450942.380290696,6707161.2937590135,5242869.803581971
Idaho,2751296.3148541437,2912645.5179128437,1238150.524206783,2169208.3375817216,1034473.4238474853,977903.5496324922,3432660.412071217,3304659.17412841,3207689.064600067,3492512.3668505084,2949887.054037474,4649040.7977014035,0,2207092.9716900717,2418353.1839651503,1815004.2122251268,1686951.813345609,2599429.2745513245,2558933.4475117335,3581179.496165976,3215033.088407519,3522654.535200266,2492885.3268735227,1710525.469833557,2565866.747109077,2020840.6579198458,416499.262379334,1499018.099953432,801339.4984840518,3484650.8994058375,3350080.569009947,1305909.1986187813,3294551.0516374325,3159395.284078088,1279580.9561072127,2685241.0817569746,1831069.8513617641,591909.8046030736,3144482.530175128,3534652.7405251837,3136437.5227671782,1293009.2602649247,2615140.280386833,2149843.202160112,501557.41280138073,3350374.44544437,3193601.269680742,608486.9279249148,2915780.682789258,2091048.4945030257,681339.7772166863
Illinois,930101.9998583862,4552573.9892203165,2249283.7086255425,777326.87111071,2763604.8027258147,1438913.4517566473,1296481.5120509842,1110418.5122149347,1004427.828663266,1615811.259189383,964094.8260839878,6770840.482420792,2207092.9716900717,0,219921.78551916583,394072.34838506713,757920.9677227279,469685.6063630657,1205176.85766446,1558755.1273650334,1014332.2156644434,1417407.4318410268,388627.75435005105,605110.9808838945,970805.2920481123,455128.086979133,1926893.6769061014,748083.5618743488,2437498.1116698696,1410493.7859736397,1179398.091883491,1738406.6496877389,1150597.7890020835,993085.1870325733,1099383.375247106,482327.362457502,969935.2057301853,2793016.979111479,963076.8560995589,1412606.7138527958,1035245.8939528755,920628.7494244229,633359.8485378572,1405393.46548011,1981276.6427703379,1311630.9170967275,986967.022182975,2712636.877268727,709412.799547454,275405.5553734394,1548366.139678421
Indiana,793696.1190368505,4764270.252840922,2397012.560966892,791649.4672326791,2940449.484082315,1620532.954369902,1138204.8607756072,920819.8751578712,806277.5405047062,1431916.7733240004,780831.2896772051,6960064.775393018,2418353.1839651503,219921.78551916583,0,603519.9804312502,899137.9250992907,272537.27743633185,1148764.993897906,1436920.6598511082,819412.2184536221,1269604.5067886347,347799.8532345409,820654.1632063142,889872.2003251535,546873.7023884259,2144811.3645461234,941199.018436159,2617731.2430788917,1275116.732364231,1005417.2393314535,1876865.3937067844,992427.5820979308,773489.4588171613,1317901.9069058374,298298.58590886294,1057814.8742476038,3006052.595758457,786748.6829509209,1257894.3002730308,824024.0552154306,1136908.5025205372,481926.40175169264,1435239.4103714637,2175483.8437202484,1193140.4478148844,776351.6910548877,2930182.8337183846,498747.6952600797,458027.8520218569,1753723.7185527475
Iowa,1136119.6298651784,4248354.717838842,1908607.1760280358,755978.2011961021,2386280.3019068516,1062073.1348794478,1674933.5814828824,1503217.542018645,1398475.8272290637,1877949.0543552418,1246206.9971280405,6381581.584771013,1815004.2122251268,394072.34838506713,603519.9804312502,0,484150.2045263956,807690.9089663018,1252879.230473059,1907501.9029725653,1408140.1942060983,1788098.6688291547,734038.3066722968,364492.19954181626,1082346.8790133349,397558.1152660974,1547279.2018720412,367048.1214918011,2057693.789760273,1772151.4545338491,1566718.3533358811,1417344.5226461873,1530194.6046049264,1360674.5231375825,779205.7492457895,876089.6926764837,777996.0946865655,2402546.8511513346,1352436.5913792122,1787972.7453888245,1372018.4034527969,537937.9150656105,893853.7819945151,1284719.7226565066,1591143.3072652984,1661119.5734077224,1378738.1339048888,2330911.4702482764,1100891.7416646006,383112.0409124282,1154298.4569264932
Kansas,1065545.388021846,4369702.923829985,1498320.0309678311,501295.4039807456,2057557.6731045202,766254.2596616115,2036564.6279563822,1811906.4358029978,1689637.5573476562,1814207.8524183193,1266437.9415571291,6090329.653413036,1686951.813345609,757920.9677227279,899137.9250992907,484150.2045263956,0,985008.3256374128,971281.4079966266,2315902.5578300776,1706530.4128105955,2164973.461911618,1144852.6482432391,785888.1327797053,901942.7478425709,372279.5638820603,1523891.82754936,309531.41735690297,1742391.6046944275,2163950.665529528,1903849.6686830802,981707.6176546382,1890546.6618540168,1528122.87026812,1013675.8716978249,1197398.2232550215,319871.38426513545,2275034.8581878045,1685207.579460019,2155589.9485844895,1471390.8179650665,651951.2341865943,944303.1835298836,842696.8487028264,1346837.7852547073,2068964.914201033,1633976.353685028,2264955.8616067064,1368619.583878714,854887.8994376342,1008730.2759361971
Kentucky,551631.8418661999,5021440.414528437,2453310.7616216363,727110.1866956806,3041706.2521976964,1743540.746826627,1136486.8026827446,860887.767614977,729338.7573241408,1159386.6241498855,508717.0486260739,7075304.152230099,2599429.2745513245,469685.6063630657,272537.27743633185,807690.9089663018,985008.3256374128,0,975620.3647784195,1485534.7637915788,751382.1789239343,1281690.7002753096,567577.2657211383,1073250.220520806,701700.3118316188,612877.0459886725,2352587.231302295,1101413.0489423962,2727391.699878047,1307881.5487711576,978282.3700346894,1925918.5027564627,998250.5531257269,559968.4957621207,1561266.5126844363,362028.4761642216,1063661.0128465923,3190754.169405782,769482.9885223424,1258016.2906951744,569012.1562422669,1344562.6037159592,244729.7063482504,1351451.2589416618,2316150.936363173,1254940.1251399955,654675.1428903183,3133660.877445042,409449.94991913444,727968.0706834261,1923220.7269336511
Louisiana,516076.6791462512,5333731.237329007,1941555.0441974055,501738.43892979954,2640256.773743458,1581287.788625798,2053119.0499721223,1738379.4184681738,1604114.2942890762,1011537.875368055,777770.6646381828,6604586.867329309,2558933.4475117335,1205176.85766446,1148764.993897906,1252879.230473059,971281.4079966266,975620.3647784195,0,2431322.8393303733,1633212.0963966348,2204336.5094081657,1496239.3127734114,1617370.799302721,276375.6325019078,856641.0028602122,2463700.703650599,1271715.9680478075,2380710.4365027407,2246553.4283197927,1880359.7112885497,1456674.7931689506,1928434.7995151416,1227054.4580811122,1962915.053508577,1337385.1183827235,734169.7506084569,3122595.697489702,1696875.2746477085,2170539.848411666,1052960.6801755743,1615880.1438383493,740221.9389681274,560719.7809944242,2132285.4306961014,2213125.7636528946,1483986.9334278423,3161162.430046334,1330714.5734725322,1459318.1519426776,1913980.1824083289
Maine,1933711.605616908,5278195.215363035,3806526.717631536,2201992.588386489,4285751.727154013,2966846.5491509256,403022.6859712147,731028.6148943824,851643.2652587348,2114216.8195191333,1721171.878797575,8226995.387455049,3581179.496165976,1558755.1273650334,1436920.6598511082,1907501.9029725653,2315902.5578300776,1485534.7637915788,2431322.8393303733,0,820142.1367860913,261115.04468062567,1177495.7189269962,1883257.2040924788,2155973.0506404657,1981938.454801521,3219480.0271732784,2273908.677855746,3954930.79941017,188464.93140137356,577929.0313722081,3297102.0606602174,505608.54602187895,1288337.47371305,2308661.269324614,1153892.450450784,2494634.8502775966,4125671.366280962,735114.5961219653,315497.8548047669,1497287.0160221974,2328802.1896900707,1698071.994021134,2836103.4285011473,3464458.8383352794,247250.7467878721,989069.4038239146,3971408.345999628,1100905.1892526993,1544061.286680681,2994605.8547115545
Maryland,1124804.236575202,5356172.728006754,3195284.9910506206,1474791.649702341,3757992.790653499,2439829.2402263773,424045.4295217618,109810.54658448191,31735.535412964367,1332819.9806674097,901886.3015510114,7779439.07360913,3215033.088407519,1014332.2156644434,819412.2184536221,1408140.1942060983,1706530.4128105955,751382.1789239343,1633212.0963966348,820142.1367860913,0,575841.8253270707,747825.0942890395,1536906.7193666259,1362047.2741658902,1338927.0641767073,2913554.1396624236,1758414.9002444525,3436439.803789279,631677.2126219684,248197.44843350493,2669542.9347603456,320815.67726453126,472890.8408868209,2032973.8517993873,532053.7748398847,1814006.2645553318,3796466.7162763993,147221.1494828946,538289.833656477,681295.8732461013,1922515.357625213,922472.0832971068,2081000.4977433018,2993201.063676218,642356.1086021586,172142.40031024307,3698201.760247593,343027.40987873287,1139613.3359468326,2562229.0787155596
Massachusetts,1699345.0095929627,5368731.637708074,3662854.9606201807,2006955.7808020592,4174354.357376246,2849659.833515133,151848.9072984125,479313.207151626,606577.5454513087,1853554.8946368895,1476825.0032941722,8152703.890639798,3522654.535200266,1417407.4318410268,1269604.5067886347,1788098.6688291547,2164973.461911618,1281690.7002753096,2204336.5094081657,261115.04468062567,575841.8253270707,0,1055296.3361228781,1812469.2791449795,1930963.9530474287,1815934.9770128417,3178548.1420933376,2154535.0542392074,3845694.258091971,98366.65137867964,328183.43361680146,3145478.6989715328,283574.57485155883,1036154.7605282658,2268110.0118715577,974972.8361115465,2319216.781981613,4082293.2462029792,513527.0446277736,58058.153741316564,1244573.1511725637,2246186.3684372557,1480344.31899985,2631519.9315350363,3369561.866406141,234431.0530017823,740027.6659355555,3945827.7363251434,881935.3576399032,1445916.4437933743,2909961.472776705
Michigan,1117588.455087305,4641443.933717688,2629404.296980934,1126797.1708701462,3119907.45134062,1796103.79045407,947865.9063381144,823822.6615703544,748337.8426272254,1685824.7857384402,1054435.5413052144,7102881.343732325,2492885.3268735227,388627.75435005105,347799.8532345409,734038.3066722968,1144852.6482432391,567577.2657211383,1496239.3127734114,1177495.7189269962,747825.0942890395,1055296.3361228781,0,793762.9120004472,1235023.0788480332,836853.8565529985,2174745.4303568043,1101044.8902349977,2790781.20622548,1038180.6571804583,857291.2491093179,2123068.205299761,805641.8478764923,903144.7510705491,1285897.0787060878,293747.7089390972,1354717.3407434514,3066645.4824711164,656183.1891499538,1057646.1387711633,1020695.9149837928,1203044.654144953,806007.2371216225,1767730.9901442043,2315579.006191534,930355.6442325677,781212.5101217184,2956983.4857326383,539133.368764179,401919.67798449687,1861263.9353426588
Minnesota,1475304.1690202125,3948201.805578452,2044997.4689377004,1119873.4782746271,2426584.2841219935,1146479.3700012239,1722943.1452327948,1616986.2038906475,1534511.2570987549,2199709.2691501053,1553891.7010370377,6345968.153720763,1710525.469833557,605110.9808838945,820654.1632063142,364492.19954181626,785888.1327797053,1073250.220520806,1617370.799302721,1883257.2040924788,1536906.7193666259,1812469.2791449795,793762.9120004472,0,1441898.1622375578,761589.0612271257,1381317.5930060567,541159.1526752554,2095003.4827670595,1776931.84183595,1647856.500860035,1599796.2009204754,1586376.1257956277,1591735.6635242577,502214.67038853344,1027228.167631326,1101752.859986022,2276861.496407709,1449930.145531881,1824135.485425735,1640294.1444648735,450757.1244564389,1208057.487741554,1621138.1509224721,1589133.154343334,1646503.813592421,1546863.666988784,2163255.4803183326,1277582.3697797505,397907.7028779214,1113328.5295021574
Mississippi,268376.46919534355,5262356.705502951,2080905.0347384647,401332.9061569,2755155.8637093855,1600787.1458015735,1780076.2385884735,1468302.05342168,1333442.4991021836,929318.6294544424,539485.2121445978,6758219.380021976,2565866.747109077,970805.2920481123,889872.2003251535,1082346.8790133349,901942.7478425709,701700.3118316188,276375.6325019078,2155973.0506404657,1362047.2741658902,1930963.9530474287,1235023.0788480332,1441898.1622375578,0,689319.919200855,2425455.6759696812,1174868.6292459806,2475805.7639893694,1971670.1708340168,1608335.9133759958,1571271.4772964413,1653862.2048575107,972060.2712276011,1833949.1617059533,1063728.7873497736,747913.0668867293,3144838.2945120526,1422046.4373959254,1898204.6906615882,813382.4239220018,1510039.1875277797,464102.50550092565,760837.0720000621,2173841.8411430838,1936892.573633935,1216755.5643404468,3156326.388413344,1055118.1812357977,1236524.250247608,1898193.359435347
Missouri,776527.4176547466,4598342.763567325,1857702.0266247399,366423.3726664993,2429712.112715311,1132946.1128158388,1682544.2559034359,1445459.264392907,1321043.9451106386,1532019.319404565,935879.514079884,6462576.1208346365,2020840.6579198458,455128.086979133,546873.7023884259,397558.1152660974,372279.5638820603,612877.0459886725,856641.0028602122,1981938.454801521,1338927.0641767073,1815934.9770128417,836853.8565529985,761589.0612271257,689319.919200855,0,1814712.6340352758,533996.0476948965,2114555.624755418,1821874.3599942776,1543167.5005580625,1334106.198414867,1537281.8098562448,1160238.3583044596,1147922.9141511272,841659.0596423154,518276.0940980705,2612358.110313504,1325142.221348137,1802910.4372916971,1116899.1471243587,842609.4886632584,594464.3232016182,958733.207405458,1709542.407049046,1736914.855861861,1262207.6304334973,2579979.8371794005,998970.688191665,646075.5640393994,1339633.7823890955
Montana,2578928.0217469395,2885994.1949175783,1490739.9279240184,2024222.4759673486,1425063.3214844991,947049.4766021967,3098161.9875067724,2996741.0917737028,2909274.2327410257,3333586.029993953,2749898.8624960785,5028457.337613912,416499.262379334,1926893.6769061014,2144811.3645461234,1547279.2018720412,1523891.82754936,2352587.231302295,2463700.703650599,3219480.0271732784,2913554.1396624236,3178548.1420933376,2174745.4303568043,1381317.5930060567,2425455.6759696812,1814712.6340352758,0,1280737.8535982112,1155301.2421428964,3134085.6390493168,3028857.7452957425,1412064.911446124,2964439.069002884,2907918.486656209,911737.4057654416,2392150.006630405,1731043.5475498321,906192.5000166823,2830879.2277445244,3194727.9591127355,2909370.7116545564,1009412.2232365821,2402997.3049402195,2130832.2050340185,711282.6295383694,2995191.649004724,2909413.088589795,786076.9607315684,2633656.0622519264,1775242.3705653304,566656.3322153025
Nebraska,1302902.0691857638,4087547.7798710032,1550900.1452015943,783962.7801116647,2019916.86560245,695190.3831834656,2039714.4288542196,1856853.3747742176,1746576.3265207817,2059315.383950888,1469608.839994168,6023015.851198809,1499018.099953432,748083.5618743488,941199.018436159,367048.1214918011,309531.41735690297,1101413.0489423962,1271715.9680478075,2273908.677855746,1758414.9002444525,2154535.0542392074,1101044.8902349977,541159.1526752554,1174868.6292459806,533996.0476948965,1280737.8535982112,0,1691971.8326597242,2139189.8681659536,1927206.18761409,1075486.9108209445,1894522.1905819275,1661219.134334216,704222.4524603575,1228092.0441182253,620349.2198972623,2090796.796380239,1711156.3613161554,2153607.0833052336,1640087.82882763,344524.4749577148,1124943.7694879167,1139451.7223005106,1234790.9475429712,2027749.9509883903,1714959.2293737011,2047963.1360668878,1438581.6880638648,738456.8754387276,821843.7412771477
Nevada,2712126.2102713482,3533212.6116735125,566890.7498825605,2124650.3858208517,331713.33746413264,998643.7085364242,3731659.589031784,3538550.241036736,3421863.5967702502,3385676.8467380255,2955499.8175949208,4348149.491477295,801339.4984840518,2437498.1116698696,2617731.2430788917,2057693.789760273,1742391.6046944275,2727391.699878047,2380710.4365027407,3954930.79941017,3436439.803789279,3845694.258091971,2790781.20622548,2095003.4827670595,2475805.7639893694,2114555.624755418,1155301.2421428964,1691971.8326597242,0,3827484.3850632915,3616402.391875723,927630.5085230997,3586373.7567738947,3265768.2655377393,1797200.6799125092,2912110.511299912,1742374.9553727333,1009896.1643715518,3399087.11009792,3845492.316681631,3189896.818365004,1644814.6155909759,2667829.0527912285,1864126.9519020156,525689.8307236519,3710835.3399698585,3374033.8190940623,1226720.9517823448,3104495.1477525393,2410907.878337505,1003873.4731989541
New Hampshire,1746911.7143133485,5287614.357119183,3659547.7235942897,2028769.3206418024,4157195.922572594,2834134.3798033535,217672.886774805,543443.2838066686,663181.1922835889,1931892.9984288912,1532822.0467018206,8122021.406256661,3484650.8994058375,1410493.7859736397,1275116.732364231,1772151.4545338491,2163950.665529528,1307881.5487711576,2246553.4283197927,188464.93140137356,631677.2126219684,98366.65137867964,1038180.6571804583,1776931.84183595,1971670.1708340168,1821874.3599942776,3134085.6390493168,2139189.8681659536,3827484.3850632915,0,390336.8858351689,3145601.850748299,318582.982150104,1100340.6371264106,2222522.697658618,985741.423887349,2330563.59831201,4039253.4862674293,549679.2617586434,155641.06965032994,1309324.4353346794,2215948.1863870025,1515739.188864289,2659327.33494445,3345253.1369039887,151204.524564231,800764.7335856076,3896685.759810141,917334.2514126541,1420128.486996,2881265.866832777
New Jersey,1372892.8950392874,5368210.767889267,3400150.625675995,1705276.7846619883,3941530.007824404,2617766.7984943176,176845.78495171908,153124.23634614382,278603.8992461118,1547040.0587093339,1148649.8388326347,7948298.29456879,3350080.569009947,1179398.091883491,1005417.2393314535,1566718.3533358811,1903849.6686830802,978282.3700346894,1880359.7112885497,577929.0313722081,248197.44843350493,328183.43361680146,857291.2491093179,1647856.500860035,1608335.9133759958,1543167.5005580625,3028857.7452957425,1927206.18761409,3616402.391875723,390336.8858351689,0,2877271.460132839,119821.72678653889,710509.0605760887,2130206.3454581876,707390.4793045993,2033044.7685957905,3923465.3371010623,218678.9608638176,290297.71274563,919411.8957620923,2059096.0010643958,1163636.928533418,2320231.6047029244,3157857.137414554,428146.06630315306,412357.1011427604,3808334.554585682,570466.4879790134,1259210.6277013256,2712882.140275024
New Mexico,1820350.188933971,4218320.543627272,527922.9862862955,1252566.4672074434,1186114.035365275,551134.739249463,3015008.954918324,2777186.0335948914,2650194.993561663,2465749.392742014,2076297.644863855,5194848.681127771,1305909.1986187813,1738406.6496877389,1876865.3937067844,1417344.5226461873,981707.6176546382,1925918.5027564627,1456674.7931689506,3297102.0606602174,2669542.9347603456,3145478.6989715328,2123068.205299761,1599796.2009204754,1571271.4772964413,1334106.198414867,1412064.911446124,1075486.9108209445,927630.5085230997,3145601.850748299,2877271.460132839,0,2869290.0436068987,2429088.6528464495,1529898.092838904,2174187.1934567536,873871.5140264542,1782658.8934123656,2659218.3950974834,3134748.649221936,2327098.279124791,1218144.4472805713,1821919.6993242365,937675.0649889266,807444.0812237861,3050022.2469326057,2580285.883301157,1900720.6064465055,2327315.1593106436,1800313.6001024344,897057.6536529526
New York,1428379.1223984554,5265492.839076206,3388856.5508021703,1723386.0105713073,3913482.2940739505,2588355.1095772847,146164.8928250603,250815.3314430119,352537.07344362926,1646520.8333278017,1217065.5393307905,7907882.855714639,3294551.0516374325,1150597.7890020835,992427.5820979308,1530194.6046049264,1890546.6618540168,998250.5531257269,1928434.7995151416,505608.54602187895,320815.67726453126,283574.57485155883,805641.8478764923,1586376.1257956277,1653862.2048575107,1537281.8098562448,2964439.069002884,1894522.1905819275,3586373.7567738947,318582.982150104,119821.72678653889,2869290.0436068987,0,793662.2338768034,2060276.794347532,695625.8836980375,2037600.339504086,3863144.375693308,232113.99722102386,265628.74761194,1002107.3940645637,2007797.39826824,1199799.44131329,2348587.193256858,3118929.2679586955,323713.43556962017,492772.96402166475,3740375.2874424774,600919.2184096568,1205219.1776422146,2666889.3228508015
North Carolina,711357.2258852344,5523004.348193616,2956072.2079781867,1181477.8649534467,3573837.434102902,2292853.5357389417,886666.5144298467,557584.5045095391,441202.7134715074,876245.8101688077,456442.79418460367,7608802.641651229,3159395.284078088,993085.1870325733,773489.4588171613,1360674.5231375825,1528122.87026812,559968.4957621207,1227054.4580811122,1288337.47371305,472890.8408868209,1036154.7605282658,903144.7510705491,1591735.6635242577,972060.2712276011,1160238.3583044596,2907918.486656209,1661219.134334216,3265768.2655377393,1100340.6371264106,710509.0605760887,2429088.6528464495,793662.2338768034,0,2090965.2627287158,609924.0888729849,1555240.176659626,3750683.555424049,592854.1790344855,991971.3319422995,208994.85476422464,1898610.2210325205,607230.0504912598,1726006.4012789067,2869553.6584887155,1114737.8671331531,300923.29557907616,3690774.6221163375,373325.30077618134,1210970.0536138185,2482923.6392501616
North Dakota,1912534.4255734072,3470026.7312839665,1878137.7369794818,1464451.1742766032,2120674.3461205973,992183.5741160833,2191347.0645929165,2109201.3379592504,2031919.7277757465,2657140.7261575283,2022982.8090491812,5928025.80995593,1279580.9561072127,1099383.375247106,1317901.9069058374,779205.7492457895,1013675.8716978249,1561266.5126844363,1962915.053508577,2308661.269324614,2032973.8517993873,2268110.0118715577,1285897.0787060878,502214.67038853344,1833949.1617059533,1147922.9141511272,911737.4057654416,704222.4524603575,1797200.6799125092,2222522.697658618,2130206.3454581876,1529898.092838904,2060276.794347532,2090965.2627287158,0,1528884.9874597585,1321051.1649391924,1817621.9752317008,1939484.1377979082,2285529.910682634,2130256.03954649,371316.6730320908,1671442.6773147518,1833063.4484520203,1271800.5352073128,2083462.5739857508,2048218.042936459,1680276.6240285593,1779737.954844446,898191.7450714973,797087.580472991
Ohio,899513.606653118,4923959.462863361,2695057.808206321,1050213.9320316792,3235995.621509885,1913921.9247990942,841005.773035033,628769.52555526,522851.5595884315,1405172.0914423552,791703.881891709,7250841.046823723,2685241.0817569746,482327.362457502,298298.58590886294,876089.6926764837,1197398.2232550215,362028.4761642216,1337385.1183827235,1153892.450450784,532053.7748398847,974972.8361115465,293747.7089390972,1027228.167631326,1063728.7873497736,841659.0596423154,2392150.006630405,1228092.0441182253,2912110.511299912,985741.423887349,707390.4793045993,2174187.1934567536,695625.8836980375,609924.0888729849,1528884.9874597585,0,1345280.7056683328,3268659.6603901014,488800.8740175984,961253.6088682296,730498.5896278786,1394071.1523544781,603955.0457410661,1689442.8225991772,2462542.6560268863,914633.9884382852,519779.3486701967,3178023.5204343605,254334.17130994934,631108.8709480304,2030245.3745264157
Oklahoma,970816.728690557,4607912.080980285,1400953.967506811,383303.41962486604,2035183.8176497687,857320.1592431967,2181208.1987805516,1923068.0672006488,1792693.6949327223,1676160.9007379422,1214134.7862639497,6062937.008122731,1831069.8513617641,969935.2057301853,1057814.8742476038,777996.0946865655,319871.38426513545,1063661.0128465923,734169.7506084569,2494634.8502775966,1814006.2645553318,2319216.781981613,1354717.3407434514,1101752.859986022,747913.0668867293,518276.0940980705,1731043.5475498321,620349.2198972623,1742374.9553727333,2330563.59831201,2033044.7685957905,873871.5140264542,2037600.339504086,1555240.176659626,1321051.1649391924,1345280.7056683328,0,2403223.0807955395,1817822.7390062213,2302540.468170851,1456856.3895874,952574.125115533,948050.5561391973,522828.22147571214,1426244.7672464962,2250902.2613259936,1714601.729933685,2429994.6501701237,1471051.4250188544,1122946.5494499155,1179873.7116859816
Oregon,3337236.5482919477,2523405.47174283,1564101.8472064643,2751327.803862123,1066974.6535470264,1545904.0054722787,3998742.687759972,3883838.9692578604,3790132.6827896,4073481.8345316537,3539834.754870744,4132299.770764741,591909.8046030736,2793016.979111479,3006052.595758457,2402546.8511513346,2275034.8581878045,3190754.169405782,3122595.697489702,4125671.366280962,3796466.7162763993,4082293.2462029792,3066645.4824711164,2276861.496407709,3144838.2945120526,2612358.110313504,906192.5000166823,2090796.796380239,1009896.1643715518,4039253.4862674293,3923465.3371010623,1782658.8934123656,3863144.375693308,3750683.555424049,1817621.9752317008,3268659.6603901014,2403223.0807955395,0,3721168.4064994482,4097263.8896678155,3728253.9954126137,1874590.2587008039,3206500.468863913,2681666.7219996382,998055.635020735,3900994.7242413973,3779982.9767606063,297147.5864931505,3502347.1654657577,2665016.2805036018,1272726.6354381347
Pennsylvania,1199072.648054242,5230122.5301212,3181747.0284412415,1496092.0642575906,3723785.1136880373,2400523.5772854984,367003.8445145082,174031.84212561353,171693.82354366127,1464307.568441014,995459.4514990136,7733521.484224826,3144482.530175128,963076.8560995589,786748.6829509209,1352436.5913792122,1685207.579460019,769482.9885223424,1696875.2746477085,735114.5961219653,147221.1494828946,513527.0446277736,656183.1891499538,1449930.145531881,1422046.4373959254,1325142.221348137,2830879.2277445244,1711156.3613161554,3399087.11009792,549679.2617586434,218678.9608638176,2659218.3950974834,232113.99722102386,592854.1790344855,1939484.1377979082,488800.8740175984,1817822.7390062213,3721168.4064994482,0,488556.26465324254,796959.3516070812,1851927.4620843625,967752.7185295112,2118108.2716674684,2943310.879025345,531811.9978658608,301853.1196967209,3613083.0556538943,368889.5817848308,1056498.4866877305,2501800.490006542
Rhode Island,1663092.6443134875,5409110.365675516,3653902.675019671,1984617.5126284321,4173417.43538659,2848301.6269166428,121674.37225097856,437703.21439139155,568326.1071275605,1801647.5490145772,1436310.0306751046,8159278.096894156,3534652.7405251837,1412606.7138527958,1257894.3002730308,1787972.7453888245,2155589.9485844895,1258016.2906951744,2170539.848411666,315497.8548047669,538289.833656477,58058.153741316564,1057646.1387711633,1824135.485425735,1898204.6906615882,1802910.4372916971,3194727.9591127355,2153607.0833052336,3845492.316681631,155641.06965032994,290297.71274563,3134748.649221936,265628.74761194,991971.3319422995,2285529.910682634,961253.6088682296,2302540.468170851,4097263.8896678155,488556.26465324254,0,1199749.4190254067,2254141.5813217307,1451073.256369799,2605342.485074746,3373217.8981510913,282981.58818189567,698622.2808645882,3964710.5878206478,854344.7362664719,1452287.799619659,2916508.0169483507
South Carolina,545525.0598139798,5587463.717512427,2850516.550489388,1074861.8214876368,3490039.5238312255,2236772.4304105905,1095419.631175494,766417.1308529518,649570.8406239335,690236.107714472,275753.57883398246,7519772.597997469,3136437.5227671782,1035245.8939528755,824024.0552154306,1372018.4034527969,1471390.8179650665,569012.1562422669,1052960.6801755743,1497287.0160221974,681295.8732461013,1244573.1511725637,1020695.9149837928,1640294.1444648735,813382.4239220018,1116899.1471243587,2909370.7116545564,1640087.82882763,3189896.818365004,1309324.4353346794,919411.8957620923,2327098.279124791,1002107.3940645637,208994.85476422464,2130256.03954649,730498.5896278786,1456856.3895874,3728253.9954126137,796959.3516070812,1199749.4190254067,0,1905546.404075586,527113.4997884126,1574089.9534521047,2818162.4334479477,1322345.4928409653,509619.16661693226,3685746.447689226,529935.9149595168,1279828.647494435,2455720.156081874
South Dakota,1619116.6067380651,3757085.9680340705,1623673.9531070695,1125030.944774357,1976275.1789745868,718097.424208741,2148279.6228995346,2011651.7863969055,1915732.6949058166,2374053.0020933035,1762396.348036207,5906742.887336133,1293009.2602649247,920628.7494244229,1136908.5025205372,537937.9150656105,651951.2341865943,1344562.6037159592,1615880.1438383493,2328802.1896900707,1922515.357625213,2246186.3684372557,1203044.654144953,450757.1244564389,1510039.1875277797,842609.4886632584,1009412.2232365821,344524.4749577148,1644814.6155909759,2215948.1863870025,2059096.0010643958,1218144.4472805713,2007797.39826824,1898610.2210325205,371316.6730320908,1394071.1523544781,952574.125115533,1874590.2587008039,1851927.4620843625,2254141.5813217307,1905546.404075586,0,1410931.1610395464,1462055.4890347393,1138754.691882195,2089438.504947407,1906853.9981736243,1793714.1760215075,1629714.289708199,802662.3715011406,665909.5429759744
