state_name,Alabama,Alaska,Arizona,Arkansas,California,Colorado,Connecticut,Delaware,District of Columbia,Florida,Georgia,Hawaii,Idaho,Illinois,Indiana,Iowa,Kansas,Kentucky,Louisiana,Maine,Maryland,Massachusetts,Michigan,Minnesota,Mississippi,Missouri,Montana,Nebraska,Nevada,New Hampshire,New Jersey,New Mexico,New York,North Carolina,North Dakota,Ohio,Oklahoma,Oregon,Pennsylvania,Rhode Island,South Carolina,South Dakota,Tennessee,Texas,Utah,Vermont,Virginia,Washington,West Virginia,Wisconsin,Wyoming
Alabama,0,5363646.8641551845,2326078.2427448514,573029.150460343,3001531.3272877675,1800869.2126211012,1549683.7634029116,1233643.052215702,1097068.4726673365,757451.1758788266,275969.1101109642,7016792.177710906,2734356.95915403,925443.0917731078,797111.1890505835,1139694.536998531,1073594.3821618313,550568.1415993354,511199.7098255776,1944261.3880970494,1127651.3716831706,1700507.331921053,1118089.3095824986,1478950.988379687,269936.3041798744,774269.6535358623,2563218.744053053,1314138.3871616214,2745578.913556753,1749165.9208009096,1375638.6968955512,1812155.7924651888,1428433.4449878011,714284.9416278724,1923506.9240189379,906648.7091682453,971956.3490192234,3335960.305290976,1194424.6268017294,1665502.3435734974,546074.1503689656,1630039.1282563526,310728.4836048463,1032119.7666208034,2380037.7895001546,1725013.4188996789,961860.330716135,3329623.794767581,830543.1229859998,1205879.1430660484,2067998.916189752
Alaska,5363646.8641551845,0,4068654.7571112104,4876990.0348125165,3535641.68990435,3813544.906678679,5354948.500665862,5391511.808598431,5360376.055219521,6116038.383935739,5497299.982708547,4497835.175892628,2907539.64270698,4548882.991517178,4754470.078205098,4236019.050290935,4352221.014388571,5016302.562258948,5325012.946502431,5274754.544286085,5350759.151605102,5365930.847613492,4640474.862540341,3936756.9893820537,5252208.753398858,4589939.653415778,2881748.383722248,4066551.8073170204,3460963.198655053,5285309.803585304,5364184.3472340815,4207550.8278979855,5254863.402231214,5515005.201969974,3450226.8854994792,4916096.22331251,4594462.645787567,2506865.1868693433,5219168.34887138,5407244.412489045,5578193.403922252,3735685.758979873,5130763.789920683,4989863.243458141,3391432.1352341035,5138601.708125908,5420600.149810306,2313936.64299628,5167588.740720262,4308360.611220568,3444820.393373197
Arizona,2326078.2427448514,4068654.7571112104,0,1784331.7200140266,735372.5427420962,900949.8905741868,3527856.8528873413,3294319.6759401816,3169043.730997038,2942971.9830098455,2593872.763543195,4691146.311113838,1236098.1386168632,2240542.58790326,2389318.7466295315,1902311.9654703157,1481030.8238354705,2446243.053646201,1937175.8755027163,3805415.0209935308,3188034.633168355,3654718.0019040713,2627080.441922914,2038847.2518648037,2069947.6731140951,1859665.3311066611,1499001.9371845599,1534455.766233121,627642.9910582845,3652555.1420952547,3393154.491856291,526151.3059460451,3375986.9790641265,2948175.237888909,1875988.0846818127,2691464.990254594,1390279.782341971,1567960.172127051,3165034.172836047,3647247.9020698243,2840622.958507063,1619746.3656666235,2334292.2472909214,1375622.3897495267,792324.386334786,3552790.87792985,3094826.697269135,1761878.521513812,2832997.007218085,2284823.159097493,1112671.99962167
Arkansas,573029.150460343,4876990.0348125165,1784331.7200140266,0,2439436.8437135145,1230181.4676661654,1856538.148246245,1577070.884474005,1442369.028728953,1302719.2214103984,821238.493238819,6466165.944527617,2173917.0413067658,778116.519256932,792728.4299225528,774240.1233150935,529178.5855479467,719669.092941903,486594.91891256545,2205021.6438913634,1466700.8146801752,1999851.5791206565,1130772.6263432382,1137741.2699158431,380482.79129064607,384633.3210042205,2031401.438210618,813263.2513409471,2176174.9004201298,2023735.4890397096,1698319.085451599,1261724.4491723499,1713136.824516146,1168158.8757004777,1493438.9160536772,1051910.9680647121,403224.5986713918,2771293.2714671637,1480756.0162775933,1978426.6956566118,1057225.2208437938,1155732.8856395073,556727.0639207261,643363.1594351131,1808116.3314682466,1960118.1124141524,1343573.499739152,2778044.7457060246,1113875.871267144,1012804.2150386642,1513352.3770006697
California,3001531.3272877675,3535641.68990435,735372.5427420962,2439436.8437135145,0,1330194.3938559885,4063052.635276175,3863033.4486176595,3746882.6412012707,3653447.3946829434,3260183.9526120904,4035527.604830955,1042471.5004680932,2766755.4093707176,2943398.0077262316,2389272.6836529174,2050868.691995075,3046635.1084721377,2647957.3016274697,4294102.56550443,3761981.983107701,4177124.8182158447,3128668.5496667554,2428495.6634818274,2756666.2453088304,2442124.307393025,1444356.0081493242,2011172.5682083913,332672.9714830894,4160883.805771659,3945617.517483888,1196556.8288416443,3910981.834127709,3577563.746613118,2121619.284925147,3242751.6692189877,2036369.3723178986,1065362.6626899168,3718160.6978063257,4177771.4359159963,3492057.9902211856,1976674.9259179644,2969635.0186819523,2097846.454919286,864326.6282733985,4046021.546994032,3691674.546045019,1335851.109492469,3415684.434909896,2748564.8194676535,1334498.2455405553
Colorado,1800869.2126211012,3813544.906678679,900949.8905741868,1230181.4676661654,1330194.3938559885,0,2732860.180620553,2537597.5768630137,2424815.0668191197,2527708.787254367,2031213.783864311,5345382.661387763,965310.0982720859,1437064.2442676406,1618098.8337885963,1060289.3657583764,754169.786647674,1743280.5814155426,1582769.0640899187,2970762.154065317,2438495.560497537,2847481.2695876816,1799913.3936691987,1144999.384102793,1597652.3980095347,1138899.2982418984,943653.9635908953,681701.9520641472,1019244.9783117994,2832970.2179098036,2616699.855873596,550316.0181158176,2580802.8690112326,2290799.5077361534,995703.9734451037,1915305.2644391742,853157.2043319937,1547545.4941960585,2389744.393249832,2847658.866135703,2233074.860744761,718797.2342506304,1702505.7378104052,1177455.461001416,580669.9180498829,2720977.8880706504,2378710.581611134,1586050.691320826,2097619.6612686357,1427293.9754646248,380222.3681394593
Connecticut,1549683.7634029116,5354948.500665862,3527856.8528873413,1856538.148246245,4063052.635276175,2732860.180620553,0,323716.0717250843,454869.69984183146,1717344.5850482748,1331612.3352586708,8053632.584298151,3416624.9944963134,1297676.6693565687,1138786.9593406874,1676222.171567639,2046921.7057444514,1137083.3304175765,2050961.3315799967,412160.6831919888,423230.8606661636,150944.07339286877,942871.5168061389,1726097.2148703656,1784278.7823961375,1673089.0048372527,3077349.8895175178,2052688.3091283955,3748298.7161158025,218140.13737317253,176100.10057994915,3009829.5167169794,152371.92743801582,885179.4412285819,2200310.945872721,837297.1951786262,2183998.7875765436,3999434.908537399,375782.34386039426,121987.86010872432,1095741.7189619744,2155355.4473980623,1338087.860479922,2485614.3259695144,3254981.2330172206,285290.8332689602,602040.4191126936,3870715.4138336047,747490.1980915611,1342845.1774209205,2806724.1738498406
Delaware,1233643.052215702,5391511.808598431,3294319.6759401816,1577070.884474005,3863033.4486176595,2537597.5768630137,323716.0717250843,0,137846.8325310288,1407620.1859924498,1009122.1927924458,7880190.162661122,3284304.7425549775,1107325.245910776,919800.0323943209,1501795.9294370983,1821100.8551502135,861325.8784811448,1739246.6872214095,734251.2187835803,110564.59786905338,473457.58685393137,813537.5987202473,1615548.6345870246,1475378.134537032,1435289.0796602755,2971905.57751403,1867514.9302825576,3556842.307931896,537821.7927767059,148107.71999429804,2770928.4234393355,245698.53980804564,561703.5427411584,2113763.983025782,623818.1714670226,1925845.5301638907,3880040.837263831,175431.39574006107,433559.5782885458,772399.1915981214,2015869.1646340124,1040457.0809450396,2193859.1745609846,3081539.7034624424,563032.3413284338,278513.2756815515,3774681.4260756066,465770.3785041082,1214173.4856478022,2649903.284944316
District of Columbia,1097068.4726673365,5360376.055219521,3169043.730997038,1442369.028728953,3746882.6412012707,2424815.0668191197,454869.69984183146,137846.8325310288,0,1305079.2201146844,877158.9906630953,7769792.612208931,3191430.4986723852,1004025.9775274463,807749.7321423723,1400626.08555481,1700397.476613905,729372.1760439161,1601834.549082872,860562.2923392643,32788.45473020278,605712.9413018702,743363.0112641554,1538205.6688292273,1337643.933278233,1312195.1900041245,2889581.3132954137,1760258.354116106,3443646.796536729,663503.10061314,279288.8844836108,2644689.9997181715,352857.50435078255,439521.7675960166,2042177.3840025715,521662.2649642103,1795613.3721754665,3790694.101466875,173000.82807977678,568619.80644996,649636.3789561171,1924513.1861137932,903225.5616032527,2056818.40478032,2974863.379240152,671361.4441320001,154101.8387834393,3694009.833296786,336178.60527028976,1134406.4823877106,2549869.7074550893
Florida,757451.1758788266,6116038.383935739,2942971.9830098455,1302719.2214103984,3653447.3946829434,2527708.787254367,1717344.5850482748,1407620.1859924498,1305079.2201146844,0,640375.8077729446,7610950.564592193,3476635.0107815666,1612443.485905903,1436177.1698087698,1882377.165341266,1822745.6955297461,1158230.5377432222,1006296.4906394128,2126548.2941685705,1336890.3846773081,1856178.1357886852,1685242.9556562847,2204464.8131980463,930093.4505834089,1530315.5729119445,3319083.7416481506,2071460.5915336492,3424354.5456970697,1935453.3527461356,1550993.2504883017,2457977.215984791,1651198.7701738533,880837.3624442999,2669178.246820073,1411857.9436411667,1677966.1282634062,4072878.1414267453,1465074.8779656102,1804997.577316466,693596.0535028666,2385915.789095058,993813.0464430358,1571177.0407282778,3100283.5903751235,1970331.7793299528,1153094.5378700327,4078963.02257846,1216169.4491925123,1884863.4052988428,2814774.814076647
Georgia,275969.1101109642,5497299.982708547,2593872.763543195,821238.493238819,3260183.9526120904,2031213.783864311,1331612.3352586708,1009122.1927924458,877158.9906630953,640375.8077729446,0,7282664.4727959065,2944347.852847429,972828.8896933116,796899.3677933275,1262404.5734681403,1286358.5260916431,519342.29706614645,774446.1596826181,1736830.0771267728,909295.9336619674,1482154.1609233143,1065250.1603551959,1570785.5877660804,545761.8330725338,943115.0003476336,2745347.0644371556,1493873.2436204653,2996639.062996352,1539896.6144410367,1155577.394760415,2076396.4578813165,1223297.0170370252,461040.12437226373,2047076.369318114,808954.7253433266,1224436.3184711696,3550232.3518745247,997995.0027111793,1442414.2327096974,274057.7978490423,1785708.8974668756,367745.99863706605,1307835.417973678,2611883.0774541097,1532964.187001257,731082.3299527452,3526926.5600780384,664413.470854739,1244487.7975768978,2274751.6809987994
Hawaii,7016792.177710906,4497835.175892628,4691146.311113838,6466165.944527617,4035527.604830955,5345382.661387763,8053632.584298151,7880190.162661122,7769792.612208931,7610950.564592193,7282664.4727959065,0,4666079.336415225,6773919.321259866,6962313.0654245205,6383185.495531113,6083674.119369398,7080359.584665116,6614415.165333237,8232005.059553172,7782831.128836948,8154077.178321134,7110762.102573235,6345521.262736402,6760863.857575985,6474806.078480436,5051291.113679292,6012969.304750486,4327914.399626731,8124030.82077106,7951406.264699569,5206297.4159766985,7903822.426301922,7612968.343429623,5922910.071838049,7256488.869346221,6064931.901007261,4131983.613122076,7727138.673675478,8162336.6403451,7522663.654639579,5902896.752748995,7003785.608436643,6042965.604093786,4800866.73896884,7995838.535096955,7722471.276510038,4338045.032987095,7442835.15235233,6712733.015577724,5247528.516879507
Idaho,2734356.95915403,2907539.64270698,1236098.1386168632,2173917.0413067658,1042471.5004680932,965310.0982720859,3416624.9944963134,3284304.7425549775,3191430.4986723852,3476635.0107815666,2944347.852847429,4666079.336415225,0,2191777.4707503985,2400059.2111747083,1796193.3698239706,1661630.274906716,2584735.8009119183,2547629.1306629833,3568237.797347527,3198300.137540952,3505489.801354572,2481864.9108560937,1691523.8188051402,2549492.216144611,2010051.7017394062,425094.5645596387,1469046.2771176163,765319.3943856342,3468382.191173415,3333674.325498863,1300032.3100945903,3271094.143496531,3142149.4047176307,1258142.681519099,2669964.355665929,1813933.6946398844,608376.1325354732,3118853.9864293844,3518962.1106389742,3118067.6813241905,1268474.7990190748,2594236.7963592825,2124554.476954677,485298.86226408946,3336028.3401618507,3177160.7604566524,623594.1389479496,2889586.587171267,2077638.6228676257,669844.9062554362
Illinois,925443.0917731078,4548882.991517178,2240542.58790326,778116.519256932,2766755.4093707176,1437064.2442676406,1297676.6693565687,1107325.245910776,1004025.9775274463,1612443.485905903,972828.8896933116,6773919.321259866,2191777.4707503985,0,215095.30335634647,396826.19812634616,765086.4125515114,468200.2024932584,1199963.0223179564,1566830.2767190645,1013724.2358050729,1417701.5331140368,395301.24330987904,612570.8041950881,968345.4192753681,441654.1281909452,1909884.8591578016,761060.7741791271,2455061.92374681,1412167.1672329719,1179990.7605954667,1731292.563808886,1145350.163908726,989052.177498501,1113605.1357351597,483885.39829125244,968513.1799652074,2794664.497187624,953844.8875765739,1414249.8514354501,1029634.1782705998,931661.9724136102,628830.4633815766,1397380.7268563674,1974285.044614192,1313939.8515555225,986020.4104805106,2714267.7567050713,698677.5686168193,280438.15488161857,1545902.6707254157
Indiana,797111.1890505835,4754470.078205098,2389318.7466295315,792728.4299225528,2943398.0077262316,1618098.8337885963,1138786.9593406874,919800.0323943209,807749.7321423723,1436177.1698087698,796899.3677933275,6962313.0654245205,2400059.2111747083,215095.30335634647,0,604078.6783444367,908856.5286787587,277958.1763395345,1150001.7145160846,1443499.0059097828,820561.0216591512,1268789.0711388304,347074.7499989404,821948.9769686006,895370.8061318359,537020.1385956388,2123901.991238702,953321.4464624097,2637293.2387907584,1275170.0429545573,1006377.7333129699,1871171.6605752136,987242.1583728922,774641.6527139004,1326438.6030593237,302364.21577961044,1060524.8614572305,3004467.5571019207,777963.7557415828,1258738.7439126195,824809.3257699015,1144485.9178428324,486921.54020677245,1434484.0076154775,2167594.0469234614,1192542.9090952023,777572.1551965821,2927905.5073896158,490159.8259994622,454139.9126446203,1748704.8586534827
Iowa,1139694.536998531,4236019.050290935,1902311.9654703157,774240.1233150935,2389272.6836529174,1060289.3657583764,1676222.171567639,1501795.9294370983,1400626.08555481,1882377.165341266,1262404.5734681403,6383185.495531113,1796193.3698239706,396826.19812634616,604078.6783444367,0,492293.9711777019,812893.3805862312,1257812.8904702393,1913030.382891239,1409829.6368080548,1787903.590434397,739635.1823602442,363848.5821949923,1087751.0409457397,397969.94473060407,1526140.3729900047,378637.16147847305,2072326.2822817205,1772712.3663409466,1568223.8258249701,1413683.3455650073,1524761.1310667275,1362543.4485717716,786835.0274898547,879683.3473232692,781820.0392811724,2400393.470395364,1344489.7787249489,1789467.2037893177,1373225.3951951414,545204.9308878224,895091.1373666696,1280926.247738866,1582332.9471004608,1662189.1931360315,1380977.3504018888,2328025.906166444,1093401.1318493544,385331.96274922974,1149255.7340392838
Kansas,1073594.3821618313,4352221.014388571,1481030.8238354705,529178.5855479467,2050868.691995075,754169.786647674,2046921.7057444514,1821100.8551502135,1700397.476613905,1822745.6955297461,1286358.5260916431,6083674.119369398,1661630.274906716,765086.4125515114,908856.5286787587,492293.9711777019,0,996718.790862464,979088.6568498663,2331606.4963433696,1717191.4006065282,2173961.5472402778,1158212.0855637458,790666.976965083,909404.0348546114,391292.75769670366,1502490.615009089,312933.5269194235,1757532.9135500547,2173802.5401936076,1914485.2467255301,966837.7841309551,1894988.8904888926,1538277.750090057,1021229.7147980396,1211204.139710094,319335.77658945334,2265397.8076395947,1686092.1630035674,2166219.709972092,1479674.0774523765,659570.2469060295,949191.5562235377,833169.7669306761,1332306.7438580212,2078716.3893699162,1640849.2227991058,2256828.2234057933,1366774.6171667916,864997.1887871666,994410.5263885256
Kentucky,550568.1415993354,5016302.562258948,2446243.053646201,719669.092941903,3046635.1084721377,1743280.5814155426,1137083.3304175765,861325.8784811448,729372.1760439161,1158230.5377432222,519342.29706614645,7080359.584665116,2584735.8009119183,468200.2024932584,277958.1763395345,812893.3805862312,996718.790862464,0,972611.2814337069,1494207.377397019,751703.0811281989,1281265.7927840585,569088.070872616,1079546.1863894102,703882.2169327863,605885.8878683894,2336727.741809517,1116740.5587941695,2753940.16900105,1308788.414572269,979033.5618108608,1920617.270547752,994909.2624658137,557443.5409318245,1574803.035097505,369413.8095058714,1066665.0937625251,3192681.198784575,761349.2889969243,1258911.5320630046,564683.2386603081,1357043.1503243165,247539.98659158562,1351273.5107242668,2312164.84780097,1254860.1718125497,648996.877030554,3135632.785867985,395843.0347921099,729628.2231411645,1920882.5154863733
Louisiana,511199.7098255776,5325012.946502431,1937175.8755027163,486594.91891256545,2647957.3016274697,1582769.0640899187,2050961.3315799967,1739246.6872214095,1601834.549082872,1006296.4906394128,774446.1596826181,6614415.165333237,2547629.1306629833,1199963.0223179564,1150001.7145160846,1257812.8904702393,979088.6568498663,972611.2814337069,0,2437630.206964839,1631618.3895600769,2201218.0356036695,1496314.7775112817,1621660.80426094,270576.83980920835,862130.400542029,2455415.5074928985,1282425.9732881018,2425885.006482286,2244692.5839141496,1878729.4593318754,1453958.714170579,1923832.6050121007,1225054.6973707583,1975472.3060362276,1341687.809148066,739164.972233354,3125756.9063662747,1687554.9764459569,2168631.5340615506,1048500.1243929331,1629429.6950228116,732386.9747746438,572495.7407947023,2135789.8340297625,2209758.166654248,1470669.7918068294,3165761.284189101,1315472.5913806462,1460610.8535163798,1911209.8827271205
Maine,1944261.3880970494,5274754.544286085,3805415.0209935308,2205021.6438913634,4294102.56550443,2970762.154065317,412160.6831919888,734251.2187835803,860562.2923392643,2126548.2941685705,1736830.0771267728,8232005.059553172,3568237.797347527,1566830.2767190645,1443499.0059097828,1913030.382891239,2331606.4963433696,1494207.377397019,2437630.206964839,0,828104.6926453323,270760.977923141,1178535.5738146629,1889197.4383276207,2168375.954126587,1978682.6446000452,3200124.390678285,2290823.8670769813,3970808.690780943,197059.36720294884,586164.4017260397,3298115.973448679,515952.58604318684,1295840.3342027368,2318434.7469678875,1156264.6034876648,2503936.6593066584,4128571.162734274,750523.4342113326,324498.90281835553,1506589.6396447686,2337865.533708342,1712898.1858888408,2843934.895585151,3459660.8354202136,252895.13793173447,1011177.0415839135,3971608.6276972024,1122559.1615501023,1545549.2206735585,2996896.354953976
Maryland,1127651.3716831706,5350759.151605102,3188034.633168355,1466700.8146801752,3761981.983107701,2438495.560497537,423230.8606661636,110564.59786905338,32788.45473020278,1336890.3846773081,909295.9336619674,7782831.128836948,3198300.137540952,1013724.2358050729,820561.0216591512,1409829.6368080548,1717191.4006065282,751703.0811281989,1631618.3895600769,828104.6926453323,0,574146.6522162604,742053.0892686765,1539906.6987191495,1366870.4330143644,1329975.6381129865,2893158.057389541,1771753.3944924348,3457578.2144857487,631051.1089148079,248088.2316598553,2664116.074262155,320082.89094922727,472295.4322563867,2042436.4661419026,530152.0100662744,1817066.1843140696,3796516.2567634564,148513.95250455465,537851.0129446224,682424.8334476138,1930659.8934751214,930110.1418759574,2083399.892738695,2986351.0491587627,638689.5517985864,186776.60962540808,3697200.1763233757,356741.637962652,1136531.2713324756,2558998.8182635447
Massachusetts,1700507.331921053,5365930.847613492,3654718.0019040713,1999851.5791206565,4177124.8182158447,2847481.2695876816,150944.07339286877,473457.58685393137,605712.9413018702,1856178.1357886852,1482154.1609233143,8154077.178321134,3505489.801354572,1417701.5331140368,1268789.0711388304,1787903.590434397,2173961.5472402778,1281265.7927840585,2201218.0356036695,270760.977923141,574146.6522162604,0,1049204.7985408828,1814192.662623576,1934167.7117802366,1805180.5086084905,3156259.0522542386,2165995.750862649,3859569.98813236,98786.90019673482,326618.4767221501,3139170.444849866,286821.79126832646,1033951.6972717788,2275404.1693942845,969732.8589291694,2320786.316149598,4081792.339366542,520794.82375924493,58065.634794790356,1244210.0734249249,2251488.778440395,1486284.4057409612,2631477.2143237563,3360303.242562956,230468.71194216367,751970.6338320046,3943627.713994637,894733.6033050362,1441782.7344753165,2906842.8419808005
Michigan,1118089.3095824986,4640474.862540341,2627080.441922914,1130772.6263432382,3128668.5496667554,1799913.3936691987,942871.5168061389,813537.5987202473,743363.0112641554,1685242.9556562847,1065250.1603551959,7110762.102573235,2481864.9108560937,395301.24330987904,347074.7499989404,739635.1823602442,1158212.0855637458,569088.070872616,1496314.7775112817,1178535.5738146629,742053.0892686765,1049204.7985408828,0,802415.2131465969,1238990.733801409,830299.5944951406,2159687.610998227,1118221.3774660917,2810398.2587927277,1033254.4266331093,851895.5291855958,2122476.566461643,793475.0420593728,897558.128504466,1301034.6739250054,286787.473567242,1360269.8040639802,3072416.221800812,641930.673018882,1053025.402458977,1016042.7655921053,1215643.868686264,809269.9385866881,1767579.1305433311,2312711.5938264974,926228.8589118008,781850.5879798447,2961596.3071844946,532814.1984606084,404354.14047860244,1864135.507077622
Minnesota,1478950.988379687,3936756.9893820537,2038847.2518648037,1137741.2699158431,2428495.6634818274,1144999.384102793,1726097.2148703656,1615548.6345870246,1538205.6688292273,2204464.8131980463,1570785.5877660804,6345521.262736402,1691523.8188051402,612570.8041950881,821948.9769686006,363848.5821949923,790666.976965083,1079546.1863894102,1621660.80426094,1889197.4383276207,1539906.6987191495,1814192.662623576,802415.2131465969,0,1447007.6490458942,761029.164033254,1357569.685868991,546848.4535678567,2099242.3798699523,1779332.7215572675,1650911.9212958615,1596583.6110021248,1582128.7876023694,1594214.1383757035,509129.4487345116,1030599.0924864884,1104462.5322212353,2274267.7864620592,1444339.6263949096,1827474.8208344043,1642190.5293198081,452743.7382068808,1210674.1846284103,1615542.649749183,1577662.3943761145,1650390.1416185333,1553440.1301305986,2159210.1264384035,1274456.5733046504,403976.1897806297,1109972.1093043142
Mississippi,269936.3041798744,5252208.753398858,2069947.6731140951,380482.79129064607,2756666.2453088304,1597652.3980095347,1784278.7823961375,1475378.134537032,1337643.933278233,930093.4505834089,545761.8330725338,6760863.857575985,2549492.216144611,968345.4192753681,895370.8061318359,1087751.0409457397,909404.0348546114,703882.2169327863,270576.83980920835,2168375.954126587,1366870.4330143644,1934167.7117802366,1238990.733801409,1447007.6490458942,0,692435.4450544375,2411815.1124341986,1185709.7046093538,2510842.4183485806,1976000.7972757265,1613101.341626894,1562234.562382176,1655350.7412859786,976670.0829924409,1845984.6939756726,1073278.9476718865,748831.1794701088,3143501.9183317334,1418797.0241053284,1902706.5656838352,815518.614519927,1522185.6174830266,461984.12839967053,762184.45644418,2170716.4213423864,1939494.7153499785,1210503.8183708873,3156518.118851453,1045889.6490006256,1239780.933423347,1891935.8524245352
Missouri,774269.6535358623,4589939.653415778,1859665.3311066611,384633.3210042205,2442124.307393025,1138899.2982418984,1673089.0048372527,1435289.0796602755,1312195.1900041245,1530315.5729119445,943115.0003476336,6474806.078480436,2010051.7017394062,441654.1281909452,537020.1385956388,397969.94473060407,391292.75769670366,605885.8878683894,862130.400542029,1978682.6446000452,1329975.6381129865,1805180.5086084905,830299.5944951406,761029.164033254,692435.4450544375,0,1802586.779331393,550759.8103224412,2148061.2476353315,1812110.5740619837,1534044.8077455196,1338092.4535892045,1522272.4815255478,1152473.3566643337,1158657.4367277254,835998.0273446933,530409.5375509488,2617960.8821119475,1306284.8906178772,1793746.8414856684,1108931.659435957,855814.2473705303,584819.8296563574,963057.3580481369,1711739.1393476399,1726858.593952759,1249711.150786241,2584924.381226336,977372.7235939067,639832.8927623107,1340655.4446389447
Montana,2563218.744053053,2881748.383722248,1499001.9371845599,2031401.438210618,1444356.0081493242,943653.9635908953,3077349.8895175178,2971905.57751403,2889581.3132954137,3319083.7416481506,2745347.0644371556,5051291.113679292,425094.5645596387,1909884.8591578016,2123901.991238702,1526140.3729900047,1502490.615009089,2336727.741809517,2455415.5074928985,3200124.390678285,2893158.057389541,3156259.0522542386,2159687.610998227,1357569.685868991,2411815.1124341986,1802586.779331393,0,1252353.894648698,1141656.9765579954,3112383.952746287,3008087.169730105,1415238.476418981,2936187.2660873462,2888677.6847639857,882457.18501755,2373031.549044342,1718587.0338231216,928447.4687949762,2801555.6204100964,3174040.9923794265,2890036.576124715,981001.349332366,2382698.114923374,2111657.665467396,708614.8648268452,2975505.2425186913,2891503.6933103576,805099.3835033686,2605900.789302317,1757770.8550017376,566325.7480063273
Nebraska,1314138.3871616214,4066551.8073170204,1534455.766233121,813263.2513409471,2011172.5682083913,681701.9520641472,2052688.3091283955,1867514.9302825576,1760258.354116106,2071460.5915336492,1493873.2436204653,6012969.304750486,1469046.2771176163,761060.7741791271,953321.4464624097,378637.16147847305,312933.5269194235,1116740.5587941695,1282425.9732881018,2290823.8670769813,1771753.3944924348,2165995.750862649,1118221.3774660917,546848.4535678567,1185709.7046093538,550759.8103224412,1252353.894648698,0,1695781.4781352957,2151347.769306639,1940430.2832907732,1063347.635181954,1900871.810208745,1674095.8035758126,708495.6921613807,1243699.536704056,624115.0035158227,2077364.8176762266,1714810.6469125708,2166781.150960939,1651415.1528180013,348032.0080972627,1133895.208804143,1132951.8885789528,1214629.8693305028,2040364.686151893,1727215.9642173743,2035142.3977860566,1441336.0996713731,752464.7849842327,804222.7985208216
Nevada,2745578.913556753,3460963.198655053,627642.9910582845,2176174.9004201298,332672.9714830894,1019244.9783117994,3748298.7161158025,3556842.307931896,3443646.796536729,3424354.5456970697,2996639.062996352,4327914.399626731,765319.3943856342,2455061.92374681,2637293.2387907584,2072326.2822817205,1757532.9135500547,2753940.16900105,2425885.006482286,3970808.690780943,3457578.2144857487,3859569.98813236,2810398.2587927277,2099242.3798699523,2510842.4183485806,2148061.2476353315,1141656.9765579954,1695781.4781352957,0,3840863.9545080373,3635039.665953028,978227.3411659014,3596584.426535763,3293365.206165112,1789421.6408732824,2934423.489133824,1773976.2310971867,954102.6094302651,3408448.982404241,3861786.96407668,3218794.608520485,1646877.0013113865,2691580.5628679893,1897990.6629808883,531678.8824468055,3723842.845005697,3394580.74313881,1178054.0277255783,3115224.5405834657,2425926.7509186785,1001999.8496473349
New Hampshire,1749165.9208009096,5285309.803585304,3652555.1420952547,2023735.4890397096,4160883.805771659,2832970.2179098036,218140.13737317253,537821.7927767059,663503.10061314,1935453.3527461356,1539896.6144410367,8124030.82077106,3468382.191173415,1412167.1672329719,1275170.0429545573,1772712.3663409466,2173802.5401936076,1308788.414572269,2244692.5839141496,197059.36720294884,631051.1089148079,98786.90019673482,1033254.4266331093,1779332.7215572675,1976000.7972757265,1812110.5740619837,3112383.952746287,2151347.769306639,3840863.9545080373,0,389878.35058580374,3140462.849707213,321000.18128717376,1099154.88290085,2230227.358047003,981247.8340511419,2333169.2123588664,4039528.6689465027,557205.0941868973,156325.04780593567,1309926.5699555057,2221688.1486024708,1522697.843583265,2659960.2593032457,3336616.76492718,147865.16961315024,814258.0443270005,3895078.7086825427,931065.853402188,1416869.395171617,2879220.026156149
New Jersey,1375638.6968955512,5364184.3472340815,3393154.491856291,1698319.085451599,3945617.517483888,2616699.855873596,176100.10057994915,148107.71999429804,279288.8844836108,1550993.2504883017,1155577.394760415,7951406.264699569,3333674.325498863,1179990.7605954667,1006377.7333129699,1568223.8258249701,1914485.2467255301,979033.5618108608,1878729.4593318754,586164.4017260397,248088.2316598553,326618.4767221501,851895.5291855958,1650911.9212958615,1613101.341626894,1534044.8077455196,3008087.169730105,1940430.2832907732,3635039.665953028,389878.35058580374,0,2872111.4211192606,124533.22497858327,709803.1622374858,2139311.2291492834,704425.262686921,2036135.4767037525,3923811.6823481894,228429.043611899,289983.61765055975,920506.385170259,2066618.1148464496,1171214.1231619562,2322249.340579821,3150542.57975898,424151.3689293715,426032.7828290719,3807315.678162074,584820.024543468,1256243.3695371908,2710298.8803566764
New Mexico,1812155.7924651888,4207550.8278979855,526151.3059460451,1261724.4491723499,1196556.8288416443,550316.0181158176,3009829.5167169794,2770928.4234393355,2644689.9997181715,2457977.215984791,2076396.4578813165,5206297.4159766985,1300032.3100945903,1731292.563808886,1871171.6605752136,1413683.3455650073,966837.7841309551,1920617.270547752,1453958.714170579,3298115.973448679,2664116.074262155,3139170.444849866,2122476.566461643,1596583.6110021248,1562234.562382176,1338092.4535892045,1415238.476418981,1063347.635181954,978227.3411659014,3140462.849707213,2872111.4211192606,0,2858408.8096305877,2422919.8173722494,1532984.1302471268,2172608.5336624165,864909.1472971687,1787456.4324851744,2644371.944738043,3129910.3739820365,2318910.406944261,1219780.1860430257,1809150.3849732024,920037.1854131257,817744.2795853259,3045222.415357856,2568978.3924626233,1907970.626613998,2308534.786104125,1798993.548848383,892947.4551389079
New York,1428433.4449878011,5254863.402231214,3375986.9790641265,1713136.824516146,3910981.834127709,2580802.8690112326,152371.92743801582,245698.53980804564,352857.50435078255,1651198.7701738533,1223297.0170370252,7903822.426301922,3271094.143496531,1145350.163908726,987242.1583728922,1524761.1310667275,1894988.8904888926,994909.2624658137,1923832.6050121007,515952.58604318684,320082.89094922727,286821.79126832646,793475.0420593728,1582128.7876023694,1655350.7412859786,1522272.4815255478,2936187.2660873462,1900871.810208745,3596584.426535763,321000.18128717376,124533.22497858327,2858408.8096305877,0,792378.099490289,2061807.0553429662,686278.317945442,2035287.5354370223,3856323.9594408544,236839.7533159657,271526.35604708357,1002405.3617377967,2007799.6848392182,1203519.013245089,2345674.4727020925,3104419.663248756,319608.0141388255,506739.2947993753,3731971.0906842123,611476.6892664554,1195160.7151334875,2657603.751490795
North Carolina,714284.9416278724,5515005.201969974,2948175.237888909,1168158.8757004777,3577563.746613118,2290799.5077361534,885179.4412285819,561703.5427411584,439521.7675960166,880837.3624442999,461040.12437226373,7612968.343429623,3142149.4047176307,989052.177498501,774641.6527139004,1362543.4485717716,1538277.750090057,557443.5409318245,1225054.6973707583,1295840.3342027368,472295.4322563867,1033951.6972717788,897558.128504466,1594214.1383757035,976670.0829924409,1152473.3566643337,2888677.6847639857,1674095.8035758126,3293365.206165112,1099154.88290085,709803.1622374858,2422919.8173722494,792378.099490289,0,2100626.1139860093,611164.5113789274,1558026.6210201771,3750032.187813159,588122.9347558682,990833.596832952,210775.87458838904,1907734.5072227214,613895.9415529816,1730320.5623670141,2864008.60499638,1110535.114742088,285854.75588011305,3689761.6155712274,370055.2714636255,1207732.925976404,2478135.210698715
North Dakota,1923506.9240189379,3450226.8854994792,1875988.0846818127,1493438.9160536772,2121619.284925147,995703.9734451037,2200310.945872721,2113763.983025782,2042177.3840025715,2669178.246820073,2047076.369318114,5922910.071838049,1258142.681519099,1113605.1357351597,1326438.6030593237,786835.0274898547,1021229.7147980396,1574803.035097505,1975472.3060362276,2318434.7469678875,2042436.4661419026,2275404.1693942845,1301034.6739250054,509129.4487345116,1845984.6939756726,1158657.4367277254,882457.18501755,708495.6921613807,1789421.6408732824,2230227.358047003,2139311.2291492834,1532984.1302471268,2061807.0553429662,2100626.1139860093,0,1538947.0635940628,1330224.7988217669,1810587.9528391445,1940483.4009218256,2294503.2351504997,2139448.500292536,370507.2475408257,1680669.717211199,1832165.675680875,1258416.6679216686,2093054.5450326647,2061790.305171212,1670427.337370012,1783552.4342532298,910949.2384085237,797562.7070134159
Ohio,906648.7091682453,4916096.22331251,2691464.990254594,1051910.9680647121,3242751.6692189877,1915305.2644391742,837297.1951786262,623818.1714670226,521662.2649642103,1411857.9436411667,808954.7253433266,7256488.869346221,2669964.355665929,483885.39829125244,302364.21577961044,879683.3473232692,1211204.139710094,369413.8095058714,1341687.809148066,1156264.6034876648,530152.0100662744,969732.8589291694,286787.473567242,1030599.0924864884,1073278.9476718865,835998.0273446933,2373031.549044342,1243699.536704056,2934423.489133824,981247.8340511419,704425.262686921,2172608.5336624165,686278.317945442,611164.5113789274,1538947.0635940628,0,1352281.8493308488,3269996.869288614,476137.14711550355,957770.5671946947,733155.5132053628,1403783.010787524,615034.5164695267,1694104.0033574773,2457796.08204614,908943.820837521,522865.58849546855,3178041.679060429,251512.67037467577,628275.0480376524,2028851.724252628
Oklahoma,971956.3490192234,4594462.645787567,1390279.782341971,403224.5986713918,2036369.3723178986,853157.2043319937,2183998.7875765436,1925845.5301638907,1795613.3721754665,1677966.1282634062,1224436.3184711696,6064931.901007261,1813933.6946398844,968513.1799652074,1060524.8614572305,781820.0392811724,319335.77658945334,1066665.0937625251,739164.972233354,2503936.6593066584,1817066.1843140696,2320786.316149598,1360269.8040639802,1104462.5322212353,748831.1794701088,530409.5375509488,1718587.0338231216,624115.0035158227,1773976.2310971867,2333169.2123588664,2036135.4767037525,864909.1472971687,2035287.5354370223,1558026.6210201771,1330224.7988217669,1352281.8493308488,0,2400697.5458978964,1811344.827316416,2305641.233201568,1457735.8227345916,962582.8669896912,944242.3167012632,513926.2668390492,1422324.6683254961,2253053.032182119,1711240.1538616866,2429144.0843605325,1460331.7465156117,1126951.9183117182,1172072.2038285984
Oregon,3335960.305290976,2506865.1868693433,1567960.172127051,2771293.2714671637,1065362.6626899168,1547545.4941960585,3999434.908537399,3880040.837263831,3790694.101466875,4072878.1414267453,3550232.3518745247,4131983.613122076,608376.1325354732,2794664.497187624,3004467.5571019207,2400393.470395364,2265397.8076395947,3192681.198784575,3125756.9063662747,4128571.162734274,3796516.2567634564,4081792.339366542,3072416.221800812,2274267.7864620592,3143501.9183317334,2617960.8821119475,928447.4687949762,2077364.8176762266,954102.6094302651,4039528.6689465027,3923811.6823481894,1787456.4324851744,3856323.9594408544,3750032.187813159,1810587.9528391445,3269996.869288614,2400697.5458978964,0,3712456.2161672413,4098255.8291603634,3726268.674266404,1866240.753162234,3201810.9254894913,2669178.024388106,995906.6279082358,3903357.56604775,3780653.958362293,302623.1495930289,3493190.376943139,2668291.1751948786,1277332.2492725884
Pennsylvania,1194424.6268017294,5219168.34887138,3165034.172836047,1480756.0162775933,3718160.6978063257,2389744.393249832,375782.34386039426,175431.39574006107,173000.82807977678,1465074.8779656102,997995.0027111793,7727138.673675478,3118853.9864293844,953844.8875765739,777963.7557415828,1344489.7787249489,1686092.1630035674,761349.2889969243,1687554.9764459569,750523.4342113326,148513.95250455465,520794.82375924493,641930.673018882,1444339.6263949096,1418797.0241053284,1306284.8906178772,2801555.6204100964,1714810.6469125708,3408448.982404241,557205.0941868973,228429.043611899,2644371.944738043,236839.7533159657,588122.9347558682,1940483.4009218256,476137.14711550355,1811344.827316416,3712456.2161672413,0,497694.02294611913,793211.3765258738,1850547.240179898,966758.6910374616,2110757.5421549254,2926571.38800774,535064.5901363262,313933.78579974244,3603479.9441940724,374708.19206645945,1044634.4594092056,2489662.3412649333
Rhode Island,1665502.3435734974,5407244.412489045,3647247.9020698243,1978426.6956566118,4177771.4359159963,2847658.866135703,121987.86010872432,433559.5782885458,568619.80644996,1804997.577316466,1442414.2327096974,8162336.6403451,3518962.1106389742,1414249.8514354501,1258738.7439126195,1789467.2037893177,2166219.709972092,1258911.5320630046,2168631.5340615506,324498.90281835553,537851.0129446224,58065.634794790356,1053025.402458977,1827474.8208344043,1902706.5656838352,1793746.8414856684,3174040.9923794265,2166781.150960939,3861786.96407668,156325.04780593567,289983.61765055975,3129910.3739820365,271526.35604708357,990833.596832952,2294503.2351504997,957770.5671946947,2305641.233201568,4098255.8291603634,497694.02294611913,0,1200450.629064473,2261244.718859446,1458427.9900990408,2606952.7332785586,3365693.8472772785,279782.230742875,711360.6737755461,3964047.6910890187,868590.7721648926,1449733.6033651128,2914824.644659706
South Carolina,546074.1503689656,5578193.403922252,2840622.958507063,1057225.2208437938,3492057.9902211856,2233074.860744761,1095741.7189619744,772399.1915981214,649636.3789561171,693596.0535028666,274057.7978490423,7522663.654639579,3118067.6813241905,1029634.1782705998,824809.3257699015,1373225.3951951414,1479674.0774523765,564683.2386603081,1048500.1243929331,1506589.6396447686,682424.8334476138,1244210.0734249249,1016042.7655921053,1642190.5293198081,815518.614519927,1108931.659435957,2890036.576124715,1651415.1528180013,3218794.608520485,1309926.5699555057,920506.385170259,2318910.406944261,1002405.3617377967,210775.87458838904,2139448.500292536,733155.5132053628,1457735.8227345916,3726268.674266404,793211.3765258738,1200450.629064473,0,1914201.4638443696,530574.6715540589,1577278.9928979725,2811980.4962218716,1319873.2737038992,496384.6046302267,3683879.8576554274,523192.6993844216,1276612.7868757583,2449209.5354852905
South Dakota,1630039.1282563526,3735685.758979873,1619746.3656666235,1155732.8856395073,1976674.9259179644,718797.2342506304,2155355.4473980623,2015869.1646340124,1924513.1861137932,2385915.789095058,1785708.8974668756,5902896.752748995,1268474.7990190748,931661.9724136102,1144485.9178428324,545204.9308878224,659570.2469060295,1357043.1503243165,1629429.6950228116,2337865.533708342,1930659.8934751214,2251488.778440395,1215643.868686264,452743.7382068808,1522185.6174830266,855814.2473705303,981001.349332366,348032.0080972627,1646877.0013113865,2221688.1486024708,2066618.1148464496,1219780.1860430257,2007799.6848392182,1907734.5072227214,370507.2475408257,1403783.010787524,962582.8669896912,1866240.753162234,1850547.240179898,2261244.718859446,1914201.4638443696,0,1418846.5224944083,1461934.3648875973,1125059.2023681612,2096230.3357037085,1916821.0574238722,1783743.932182482,1629919.582647707,812649.2011506826,659037.7462599039
