state_name,Alabama,Alaska,Arizona,Arkansas,California,Colorado,Connecticut,Delaware,District of Columbia,Florida,Georgia,Hawaii,Idaho,Illinois,Indiana,Iowa,Kansas,Kentucky,Louisiana,Maine,Maryland,Massachusetts,Michigan,Minnesota,Mississippi,Missouri,Montana,Nebraska,Nevada,New Hampshire,New Jersey,New Mexico,New York,North Carolina,North Dakota,Ohio,Oklahoma,Oregon,Pennsylvania,Rhode Island,South Carolina,South Dakota,Tennessee,Texas,Utah,Vermont,Virginia,Washington,West Virginia,Wisconsin,Wyoming
Alabama,0,5353016.6676604645,2321576.775512882,567037.8632605396,3008179.825358721,1800229.7086950648,1549215.1627332312,1234883.0446990947,1097593.9008123197,756291.6891319556,277638.1309982972,7019398.534348992,2732032.37080928,923148.0483280469,798375.322765456,1141637.3981145362,1077702.3750171475,550848.5263369466,510474.94303912006,1949505.3631284442,1128940.7727149497,1700711.0597141671,1117875.678351113,1484037.4706268955,270821.3139326039,775096.8913494236,2557124.7860403936,1321067.2532851265,2762228.6348915044,1750095.8626929496,1378316.3093492696,1808406.7308702562,1427376.0283460235,713147.8033427952,1929550.0372322956,910882.8248190101,974014.089207676,3334203.805659346,1190106.5302593403,1666480.9894658413,545807.9762344207,1630192.5737348313,310887.06666801777,1033011.3659811922,2377627.0455479776,1725158.9581638838,949252.7445285453,3323548.326156629,825213.8111889736,1206038.3882737006,2065807.555481128
Alaska,5353016.6676604645,0,4072858.228218585,4873767.183139333,3531953.0664364155,3808295.8192792153,5338134.143133641,5374759.585929021,5345221.904942847,6104065.144109884,5493174.396129196,4517266.281693029,2905166.318376935,4537631.682291353,4739895.392040778,4222826.48828392,4340421.556493012,5004831.636708912,5315450.680667946,5254639.320010677,5334716.542173581,5347699.401098028,4628735.931443943,3919105.2978825723,5240127.885461972,4578498.801282563,2878523.884147225,4050942.749912781,3440458.738029242,5265726.058565448,5346356.664996159,4204892.962618554,5236762.835170485,5499221.011134448,3432096.27554534,4901711.748159098,4585248.26970012,2509987.35616011,5198650.818288186,5389658.599791667,5563368.175738919,3725073.7344064163,5119731.445208795,4981538.324166046,3387473.391914144,5121904.241253111,5404235.885855029,2317069.819197755,5152143.220224042,4295294.290822426,3438590.9012699937
Arizona,2321576.775512882,4072858.228218585,0,1785026.1179087698,748565.3251837589,900192.5589769832,3524292.2285320377,3291257.1455191867,3165910.3151458823,2936198.237783514,2592763.6639464707,4698370.855315274,1239744.6938427917,2236193.243502781,2385378.124229169,1900527.2266272919,1473431.6137645226,2444083.245180696,1931872.869693433,3805898.971952387,3185122.375117043,3651346.4182175514,2627019.987352651,2037080.06857479,2063706.2515925232,1858549.500907102,1504550.3833131513,1526164.7484025592,655017.5865885766,3649278.839464899,3391108.231800556,526311.1614303227,3371002.3366681,2942227.1997494167,1873043.4147743345,2691957.5109920604,1384294.2395230788,1570364.2028236429,3155144.231634341,3644685.3943513003,2835440.4941098127,1622991.6005950659,2331183.364367107,1368741.6011660837,798163.7963093019,3550533.4497768385,3080231.4549598875,1761992.7745717512,2823997.896400278,2283267.1901081535,1117294.1799569943
Arkansas,567037.8632605396,4873767.183139333,1785026.1179087698,0,2451362.6879136586,1235699.0175201881,1853635.8585766493,1574838.7775478736,1439734.1181258915,1295042.4426413353,819954.1593829448,6473870.89215984,2177928.528538812,776878.1443303772,792567.6989170834,780540.1656601959,538804.484853259,718475.1117012105,480391.0968474831,2207687.337127626,1464577.2266936542,1997479.8716927157,1132242.469770823,1146419.5418671502,371763.8867632353,390795.58595271636,2032156.8035592218,824733.6964504507,2198171.032860852,2022024.2510861363,1697573.3526016828,1262903.71643114,1709312.7649941405,1161918.8755470004,1503731.4124798898,1054939.5919259596,410840.1986269663,2775711.882477862,1472384.3300485492,1976748.5793199083,1051161.4990858189,1162579.5456616876,553558.0625912255,644150.282200167,1811886.5614870198,1958841.9026258925,1328205.574796594,2778260.50289096,1105265.1536714388,1015641.4298791396,1517759.9241368761
California,3008179.825358721,3531953.0664364155,748565.3251837589,2451362.6879136586,0,1335486.4278598311,4067450.525748022,3868377.1051283227,3752552.1858061766,3658828.1011789977,3270786.2745324327,4031851.675754565,1042915.8170990469,2770675.2452284787,2947547.3903190554,2393894.9957827125,2051719.9179384182,3053863.7961664204,2654654.6627202947,4300775.026638474,3767627.41121298,4181267.795509856,3136120.7489943146,2430268.1084468295,2761652.1944438596,2449471.5152367735,1450722.452093389,2008302.1531512495,332933.5414217512,4164614.8287492692,3951419.64632787,1207079.885984411,3913818.7460927432,3581490.050867692,2118715.0113965846,3251018.6976434314,2040738.1620416043,1057628.8306589718,3716440.6756314477,4182884.038718076,3497200.3648061357,1983946.2233902602,2976679.0188301327,2103352.572515555,871305.6635221476,4050875.6225374113,3687326.0654460504,1328835.286577537,3416046.3483998557,2753472.2584884595,1341740.6705476358
Colorado,1800229.7086950648,3808295.8192792153,900192.5589769832,1235699.0175201881,1335486.4278598311,0,2731968.567259056,2537124.2225895347,2424575.07029901,2525565.256925268,2035963.5850007604,5347938.577296728,963981.9285709385,1435599.8453863019,1616456.2885553245,1059925.0118130841,748875.4727394636,1744203.3079477649,1581163.5871276825,2972996.6656199126,2438237.588814987,2846528.7491327063,1802310.5207203114,1144010.6736709087,1594713.1925831574,1139604.0749837658,942028.5212715537,673826.0450932051,1031272.1583625077,2831833.162291784,2616917.61180426,548183.3490226809,2578332.374310475,2288014.584706906,993857.7890325667,1917836.9847303901,850628.8271425742,1546278.5712989378,2382445.014058968,2847564.804187331,2231030.3625314482,722799.9674909398,1702740.1244679003,1174660.5450573156,578665.6726487029,2721066.8198305196,2368815.091251763,1580770.5880314515,2092190.004591122,1427558.4351814005,381654.09788027074
Connecticut,1549215.1627332312,5338134.143133641,3524292.2285320377,1853635.8585766493,4067450.525748022,2731968.567259056,0,321748.77212028246,453873.39204372856,1717862.9194370687,1335128.098575869,8054942.145453769,3413543.882147832,1298405.1384780433,1139090.1399959403,1675960.513821006,2051030.1465615893,1135295.4842196172,2049562.6123672258,418316.78037211054,421402.1224087846,151656.21002615054,939486.8319585272,1729388.9683546082,1783480.1672110525,1670203.3352077855,3068554.0881743054,2059934.948242807,3757807.8037152165,220264.30284060084,172688.19526515325,3005416.252807236,153895.0152251138,884753.7081697298,2207437.1617106576,833048.8460217011,2185271.528169028,3998186.7860883516,381290.7819194662,123189.88890674192,1094070.3842829522,2152067.8625896685,1336801.501401295,2485304.1419157586,3250718.983583357,285123.01215139386,613648.3513116532,3864806.9472198724,752877.3889708727,1341884.6053430801,2802390.0998740797
Delaware,1234883.0446990947,5374759.585929021,3291257.1455191867,1574838.7775478736,3868377.1051283227,2537124.2225895347,321748.77212028246,0,138409.41503231486,1410176.8685343643,1014356.6487429398,7882067.770060579,3281253.3780685826,1107832.4808631053,920961.3910323692,1502127.7855808623,1826040.4991547891,860532.9813150091,1739540.9182709048,738316.5511888076,110445.44739176468,472337.13687782414,809900.6393675792,1619231.4388372689,1476319.7052356969,1433469.3496658218,2963190.0864824466,1875387.3691170835,3568261.3560253847,537657.633151555,149645.58655524583,2767341.5071546896,244038.77250337915,563244.2694502902,2120600.9417613707,620995.3204281086,1928217.983473607,3878525.2320294008,180446.77569941897,433217.9855368736,772711.3378746297,2013041.5238190615,1040530.0671566561,2195056.357771127,3077792.4494530014,561133.8295059045,292137.31638849125,3768344.5834157076,472096.318943215,1213162.3741493237,2645965.085481987
District of Columbia,1097593.9008123197,5345221.904942847,3165910.3151458823,1439734.1181258915,3752552.1858061766,2424575.07029901,453873.39204372856,138409.41503231486,0,1306251.6622948633,881800.884042364,7772052.562820193,3188934.3998012324,1004638.7176271568,809217.611014185,1401479.457207219,1705457.8952619033,728340.6278434324,1601469.9401450728,865566.3706172055,33798.35016549367,605456.1476475825,740478.036162904,1542765.4998269673,1337972.1879773405,1310511.0846065572,2881649.962265761,1768512.1978103735,3455771.3310268237,664221.272036558,281560.3003830927,2641086.3308839714,351862.22253184725,439726.716560022,2049741.2060267145,519734.9520502004,1797878.1304070048,3789699.9872302995,174275.30352333796,569083.398852501,648749.8908316407,1922402.9607263473,902847.2753121008,2057610.8272351674,2971545.157648195,670801.5524925009,165444.29284377396,3688298.423961519,342105.84813755704,1134056.6700515638,2546462.76946901
Florida,756291.6891319556,6104065.144109884,2936198.237783514,1295042.4426413353,3658828.1011789977,2525565.256925268,1717862.9194370687,1410176.8685343643,1306251.6622948633,0,631917.2279046195,7612047.023433731,3472969.9802948926,1609948.3880858757,1437309.9422914397,1883319.8905075446,1825312.2885081973,1157205.5387959224,1004936.0465026519,2133323.564904617,1339171.3959875219,1857765.2617617669,1683781.3555333293,2208881.9809308047,930870.8533703805,1529924.0695470069,3311853.8890092904,2077164.9183120667,3440869.6657376937,1938116.6766201323,1555151.49727164,2452820.6457416336,1651843.5771401236,882365.2024337585,2674557.5791053497,1414718.1394733074,1678387.793438348,4069572.8283950887,1464688.3089202098,1807153.4509644082,695878.2396389595,2384889.1655937787,992662.3228058305,1570993.691423824,3096678.253804579,1971003.8668465193,1144415.9945861904,4071539.909064191,1213666.784950993,1884335.0979311485,2811422.7617712705
Georgia,277638.1309982972,5493174.396129196,2592763.6639464707,819954.1593829448,3270786.2745324327,2035963.5850007604,1335128.098575869,1014356.6487429398,881800.884042364,631917.2279046195,0,7288788.497704858,2948028.6394377886,978869.324973272,806398.1380451561,1271564.5131738414,1296575.21261169,526769.7908714615,773562.9310873754,1746620.9201197394,914881.1695249584,1486391.462265156,1071936.2524482764,1583715.8110972734,548169.1658514523,949812.3732160872,2745502.1954207798,1507964.9703814732,3017239.931863222,1545360.7718325655,1162454.045830228,2076212.3476263885,1227048.5636900568,462884.4234875772,2061143.0605182843,819789.7162920332,1230776.1336994164,3554569.854251927,999683.5583974167,1447173.489023795,274572.2452858473,1792397.5573627285,374502.62116350845,1310044.9564174106,2614628.344280939,1537934.0595544798,722450.8940859883,3527292.1646875828,666227.5095004233,1252417.9117109997,2278376.534716134
Hawaii,7019398.534348992,4517266.281693029,4698370.855315274,6473870.89215984,4031851.675754565,5347938.577296728,8054942.145453769,7882067.770060579,7772052.562820193,7612047.023433731,7288788.497704858,0,4670085.025613102,6775070.658369513,6963108.539631095,6384668.085419601,6081060.894204933,7084037.996022174,6617058.361464788,8234881.130730268,7785008.889540803,8155048.571450021,7115458.695422283,6343988.936997205,6761940.419122584,6478569.1545511,5061123.120371546,6006946.996184931,4317478.700000187,8124458.994192038,7953658.257244606,5212645.625198673,7903489.583546645,7613197.815812573,5917249.907365766,7261217.440284067,6065319.504613497,4133196.318757921,7722177.045138015,8164209.155091703,7524044.659401122,5907598.029985784,7007049.321936534,6044308.863089541,4806437.429371034,7997885.8335010065,7714940.9327051705,4343079.416075723,7439952.919273709,6714975.116653266,5253171.7735032225
Idaho,2732032.37080928,2905166.318376935,1239744.6938427917,2177928.528538812,1042915.8170990469,963981.9285709385,3413543.882147832,3281253.3780685826,3188934.3998012324,3472969.9802948926,2948028.6394377886,4670085.025613102,0,2189028.9620678467,2395979.278789419,1792684.6210405193,1655055.1205614135,2583575.8365915488,2544635.3771603103,3566814.336007986,3195529.41581608,3502047.619435335,2482204.4693207284,1685344.600998672,2544911.2642033063,2008036.540427278,430716.2195592314,1458540.9909735047,754698.7711586128,3464401.218507804,3330917.1732236166,1299833.8502677716,3266290.654753352,3137267.338447627,1248693.405799847,2669304.6322042993,1810032.0766042455,609412.9724667796,3109459.5243853144,3516337.4344274723,3113895.324804112,1268277.9860460218,2592536.909414677,2120675.7020372376,483358.1123259901,3333880.4819664657,3167078.68493192,619522.3443605291,2882924.121781152,2075476.5340003353,670031.7041343829
Illinois,923148.0483280469,4537631.682291353,2236193.243502781,776878.1443303772,2770675.2452284787,1435599.8453863019,1298405.1384780433,1107832.4808631053,1004638.7176271568,1609948.3880858757,978869.324973272,6775070.658369513,2189028.9620678467,0,212914.59542256242,397263.63768582453,767643.0183758849,467694.4090922831,1195953.961118304,1571861.0026708073,1014273.082788235,1418593.794748001,399511.9894149222,618982.3464560879,963758.6950294224,436295.7523233101,1902519.1491829194,768182.7126378609,2464840.433927549,1413208.4438679803,1181551.0972468015,1725735.2182099083,1144530.4183349388,985931.1855016067,1121705.9039940666,487022.3804869036,967610.4350921434,2793408.8007445773,947860.2408770915,1415900.6145350842,1026277.2088419041,929984.3602311085,626892.0535718183,1394219.7475973223,1969980.215463796,1316030.5664848026,978891.3468522155,2708605.853673252,694796.491789046,282891.9123286339,1541949.9043332934
Indiana,798375.322765456,4739895.392040778,2385378.124229169,792567.6989170834,2947547.3903190554,1616456.2885553245,1139090.1399959403,920961.3910323692,809217.611014185,1437309.9422914397,806398.1380451561,6963108.539631095,2395979.278789419,212914.59542256242,0,603541.1895610505,912620.3030730622,280149.1491280358,1149429.7243094053,1447821.3875505864,821953.5016758901,1269139.7999841766,347251.445636186,825362.9394179047,894602.7810830097,533877.8834992392,2114698.895406609,960081.0271690083,2647711.403735028,1275571.2383199306,1008320.4942451088,1866490.8824645234,986111.9824880103,773942.343968639,1331948.4430677227,306779.8791531439,1061731.914621522,3001719.946607325,772155.6997848889,1260013.6659730605,824359.6663307148,1141201.4429732792,488132.9340252035,1434236.954125335,2162805.5049896464,1193292.625693115,771292.6717085144,2920410.063746158,487359.99091710546,452393.40546925494,1743843.94418026
Iowa,1141637.3981145362,4222826.48828392,1900527.2266272919,780540.1656601959,2393894.9957827125,1059925.0118130841,1675960.513821006,1502127.7855808623,1401479.457207219,1883319.8905075446,1271564.5131738414,6384668.085419601,1792684.6210405193,397263.63768582453,603541.1895610505,0,496509.34661757975,815543.5042797785,1258486.842515574,1915586.0443657457,1410461.8291229892,1787411.3020096617,742427.7308974771,366239.76919065526,1087380.1196644618,397929.24212886975,1517480.6585204902,386115.9812017913,2081961.767803957,1771926.9353701114,1568999.2853463495,1410729.9658067494,1522906.7779065429,1361431.2478601844,791337.4312571852,882666.6929515328,784092.7489322512,2398178.988517185,1338082.3927622696,1789894.6606029132,1372768.7363458446,542573.6985913445,897363.3648892327,1281534.423134838,1578241.7867693587,1662475.5851330215,1374401.9792964046,2320880.533869752,1090240.312373971,385194.36068999156,1144997.7244737365
Kansas,1077702.3750171475,4340421.556493012,1473431.6137645226,538804.484853259,2051719.9179384182,748875.4727394636,2051030.1465615893,1826040.4991547891,1705457.8952619033,1825312.2885081973,1296575.21261169,6081060.894204933,1655055.1205614135,767643.0183758849,912620.3030730622,496509.34661757975,0,1003003.3879390525,980267.336328761,2339343.7764802687,1722340.6689698538,2178100.075955582,1164801.7457790012,794863.0190520391,910393.8112715709,397758.2030493858,1493450.1965557972,315008.58033785596,1766300.4441248216,2177883.412369101,1920232.2795271033,958548.2696812003,1897644.5935092457,1540854.034236418,1023861.6963113141,1219393.1416443663,318879.4906729713,2259386.3522522664,1684034.6967988117,2171274.0847662967,1482846.1044614795,660058.4728285079,954652.6969111881,831178.3053776445,1324787.6630248877,2083467.3990686506,1635631.5110326267,2246770.472929716,1366300.755069825,868994.1602360489,988108.8893811046
Kentucky,550848.5263369466,5004831.636708912,2444083.245180696,718475.1117012105,3053863.7961664204,1744203.3079477649,1135295.4842196172,860532.9813150091,728340.6278434324,1157205.5387959224,526769.7908714615,7084037.996022174,2583575.8365915488,467694.4090922831,280149.1491280358,815543.5042797785,1003003.3879390525,0,972271.2373170381,1497694.6365749072,751035.2660880946,1279917.9212841485,568593.2665814479,1085735.701963657,703572.2878614756,605875.2527757774,2330769.9392170906,1126194.328452858,2768749.1931725214,1307972.7673510232,979547.0883304236,1918134.8341148002,992115.0723959135,553721.6986160872,1582866.6395349118,373129.53057773894,1070005.6912263394,3192657.118188358,754149.4950377234,1258366.6786278165,561528.4296506699,1357147.2303703104,247642.79978594603,1352584.1819439225,2310415.932383781,1254001.798300726,636834.7739310195,3130958.0998153035,388646.5942998932,730321.2305230871,1919171.7272639987
Louisiana,510474.94303912006,5315450.680667946,1931872.869693433,480391.0968474831,2654654.6627202947,1581163.5871276825,2049562.6123672258,1739540.9182709048,1601469.9401450728,1004936.0465026519,773562.9310873754,6617058.361464788,2544635.3771603103,1195953.961118304,1149429.7243094053,1258486.842515574,980267.336328761,972271.2373170381,0,2441704.0225223997,1631953.3633612809,2200429.015409098,1495614.0105724847,1624723.4994172598,270271.35699010605,863113.7626151117,2449588.639056594,1285895.7040444731,2444022.9773360845,2244494.7249080623,1880381.3870499425,1450079.2911754728,1921667.2854916744,1223274.1745711013,1978773.5057329675,1345009.9646864638,739736.1371824443,3122854.2864412246,1681765.3574696088,2168666.925586603,1047950.3973850982,1629553.3246697842,731928.948073235,573805.3778703016,2133334.580783163,2208911.611916906,1457240.578448049,3158780.4280611146,1308810.9998177944,1459562.7114728729,1908961.6755297063
Maine,1949505.3631284442,5254639.320010677,3805898.971952387,2207687.337127626,4300775.026638474,2972996.6656199126,418316.78037211054,738316.5511888076,865566.3706172055,2133323.564904617,1746620.9201197394,8234881.130730268,3566814.336007986,1571861.0026708073,1447821.3875505864,1915586.0443657457,2339343.7764802687,1497694.6365749072,2441704.0225223997,0,832173.837773944,275931.41788559384,1179010.3898262524,1893727.640898917,2172889.0763278347,1979788.9496393388,3192366.1058487883,2300727.92193531,3981088.214569533,201345.74290571446,588688.6904337103,3297595.7793061235,522256.1013498516,1301414.7688102205,2326584.3796844627,1156169.9730968042,2509482.2090733964,4128840.861691532,760286.605949103,329161.95474166167,1510952.1863115837,2336416.0018666177,1717054.6014443866,2848470.484528296,3457671.657186962,255901.8530916094,1028566.6629053932,3966842.0351214525,1133272.777269991,1547359.924172042,2994655.874277248
Maryland,1128940.7727149497,5334716.542173581,3185122.375117043,1464577.2266936542,3767627.41121298,2438237.588814987,421402.1224087846,110445.44739176468,33798.35016549367,1339171.3959875219,914881.1695249584,7785008.889540803,3195529.41581608,1014273.082788235,821953.5016758901,1410461.8291229892,1722340.6689698538,751035.2660880946,1631953.3633612809,832173.837773944,0,573046.6352828225,738636.9685503928,1543981.056877821,1367845.9624602974,1328387.0271265798,2884809.453687885,1779887.859294637,3469509.116062957,630830.1673918844,249499.58242565725,2660714.2630998236,318070.53815345635,473523.23213829263,2049531.9170406978,527819.8712623499,1819609.7804858817,3795236.8696752987,149701.47764670322,537540.3478520127,682543.2220256643,1928203.006725855,930293.4082951491,2084700.2510086219,2982897.304302222,637082.3125618654,199224.90155589257,3691113.480290695,363109.55175222293,1135763.256122586,2555370.822178883
Massachusetts,1700711.0597141671,5347699.401098028,3651346.4182175514,1997479.8716927157,4181267.795509856,2846528.7491327063,151656.21002615054,472337.13687782414,605456.1476475825,1857765.2617617669,1486391.462265156,8155048.571450021,3502047.619435335,1418593.794748001,1269139.7999841766,1787411.3020096617,2178100.075955582,1279917.9212841485,2200429.015409098,275931.41788559384,573046.6352828225,0,1045753.578532667,1816859.0233801687,1933938.6975769196,1802387.1802960336,3146930.1235256577,2173019.771597442,3868382.1521965233,100183.4849953992,324032.7471721748,3134888.5885193367,288314.3483923522,1034433.7215477151,2281982.447618597,965486.6843643297,2322272.6012589834,4080207.092485894,526417.4068068085,57923.56205829342,1243439.2792943427,2247764.2991902,1485531.5258505396,2631576.3098442596,3355779.4297587425,228804.25972297782,764466.1448996085,3937311.637699524,900603.7703126888,1440556.8224945744,2902188.9945279416
Michigan,1117875.678351113,4628735.931443943,2627019.987352651,1132242.469770823,3136120.7489943146,1802310.5207203114,939486.8319585272,809900.6393675792,740478.036162904,1683781.3555333293,1071936.2524482764,7115458.695422283,2482204.4693207284,399511.9894149222,347251.445636186,742427.7308974771,1164801.7457790012,568593.2665814479,1495614.0105724847,1179010.3898262524,738636.9685503928,1045753.578532667,0,809649.3092678906,1237861.3080088315,829322.6632813032,2154491.924501202,1128485.6301490471,2822628.6073495112,1029786.7228993925,848759.6130960362,2121100.5571819395,788397.3779582265,893333.137635522,1311536.074222117,283184.6167953549,1363656.5157222454,3074445.3281027153,632380.661224789,1050346.6434697288,1012151.3651461779,1215921.0016148887,808891.9807852287,1768596.1939117906,2311787.2934192424,924035.2685552901,776612.4485181413,2958875.0989723704,529903.8090193341,406867.5894210889,1863218.8356430512
Minnesota,1484037.4706268955,3919105.2978825723,2037080.06857479,1146419.5418671502,2430268.1084468295,1144010.6736709087,1729388.9683546082,1619231.4388372689,1542765.4998269673,2208881.9809308047,1583715.8110972734,6343988.936997205,1685344.600998672,618982.3464560879,825362.9394179047,366239.76919065526,794863.0190520391,1085735.701963657,1624723.4994172598,1893727.640898917,1543981.056877821,1816859.0233801687,809649.3092678906,0,1449396.0727890376,763406.9507070412,1345207.8372738564,551602.3810547501,2103388.0223741205,1781321.0015439712,1654587.5882608097,1593706.9067551151,1583795.8157744084,1596908.0630165734,511669.04464072327,1036222.0049771323,1107755.4720264005,2269530.070585836,1442024.0380922467,1831063.874498112,1645259.4109395233,447019.2839260121,1216227.4484307154,1617396.5783390445,1571277.1925244497,1653941.552064735,1553134.315107348,2149231.0395789393,1276538.6231133249,408943.68269990856,1103325.590016504
Mississippi,270821.3139326039,5240127.885461972,2063706.2515925232,371763.8867632353,2761652.1944438596,1594713.1925831574,1783480.1672110525,1476319.7052356969,1337972.1879773405,930870.8533703805,548169.1658514523,6761940.419122584,2544911.2642033063,963758.6950294224,894602.7810830097,1087380.1196644618,910393.8112715709,703572.2878614756,270271.35699010605,2172889.0763278347,1367845.9624602974,1933938.6975769196,1237861.3080088315,1449396.0727890376,0,691761.4464794941,2403834.173498094,1189185.4382045316,2526245.463705441,1976275.7348893546,1615328.4342213268,1556804.6564881804,1653678.8231097911,975753.6119186312,1848828.3691437843,1076660.1743088942,748621.9241820368,3139314.4574845107,1413423.4898964935,1903347.8771003252,815949.7080052139,1520455.2507795622,461750.6991688391,762205.5348027495,2166365.879999525,1939045.4178648563,1197923.0670438008,3148050.100800212,1039668.9572453253,1237959.4417695275,1887735.5828445903
Missouri,775096.8913494236,4578498.801282563,1858549.500907102,390795.58595271636,2449471.5152367735,1139604.0749837658,1670203.3352077855,1433469.3496658218,1310511.0846065572,1529924.0695470069,949812.3732160872,6478569.1545511,2008036.540427278,436295.7523233101,533877.8834992392,397929.24212886975,397758.2030493858,605875.2527757774,863113.7626151117,1979788.9496393388,1328387.0271265798,1802387.1802960336,829322.6632813032,763406.9507070412,691761.4464794941,0,1795926.7920983864,558236.505683154,2162875.340692601,1809362.8528576596,1533031.570631083,1336436.6246241003,1517993.4344888614,1149103.1457927076,1162940.995115575,837412.5670361931,534724.5457059445,2616894.2435318064,1297372.3499122264,1791880.2355967432,1106694.1727393623,855155.9806656459,585266.1017552993,965315.6549069736,1709725.4348634325,1724548.0991135985,1237921.918591894,2578987.3553729746,970105.81060168,637318.521211058,1338382.1023681245
Montana,2557124.7860403936,2878523.884147225,1504550.3833131513,2032156.8035592218,1450722.452093389,942028.5212715537,3068554.0881743054,2963190.0864824466,2881649.962265761,3311853.8890092904,2745502.1954207798,5061123.120371546,430716.2195592314,1902519.1491829194,2114698.895406609,1517480.6585204902,1493450.1965557972,2330769.9392170906,2449588.639056594,3192366.1058487883,2884809.453687885,3146930.1235256577,2154491.924501202,1345207.8372738564,2403834.173498094,1795926.7920983864,0,1238663.0533467582,1140094.0230652923,3102374.045746199,2999407.029610892,1414877.2196189954,2925683.1116177873,2878908.125081079,866570.0685815783,2366564.531870839,1712610.4155999853,936479.3949614087,2786791.280061215,3165531.661877494,2881145.445551702,974997.6259242534,2376656.3413676913,2106412.832001974,708705.2008672009,2967470.0096995975,2877366.470583831,807119.8973774707,2594620.691441773,1750088.78250619,563389.5278947611
Nebraska,1321067.2532851265,4050942.749912781,1526164.7484025592,824733.6964504507,2008302.1531512495,673826.0450932051,2059934.948242807,1875387.3691170835,1768512.1978103735,2077164.9183120667,1507964.9703814732,6006946.996184931,1458540.9909735047,768182.7126378609,960081.0271690083,386115.9812017913,315008.58033785596,1126194.328452858,1285895.7040444731,2300727.92193531,1779887.859294637,2173019.771597442,1128485.6301490471,551602.3810547501,1189185.4382045316,558236.505683154,1238663.0533467582,0,1698247.507038535,2158042.916432133,1948830.3842774322,1054617.1399020096,1906539.558765084,1679816.8121919765,709158.1565611847,1254405.9030797244,625695.0157172056,2067933.5581659882,1715858.2734804812,2174741.328368354,1657526.1710323733,345723.3506087141,1142248.505548788,1132594.331768531,1203052.4810978577,2048093.5378896708,1726848.847823649,2021414.8973397468,1444885.262328262,759831.6467512647,793013.8996916742
Nevada,2762228.6348915044,3440458.738029242,655017.5865885766,2198171.032860852,332933.5414217512,1031272.1583625077,3757807.8037152165,3568261.3560253847,3455771.3310268237,3440869.6657376937,3017239.931863222,4317478.700000187,754698.7711586128,2464840.433927549,2647711.403735028,2081961.767803957,1766300.4441248216,2768749.1931725214,2444022.9773360845,3981088.214569533,3469509.116062957,3868382.1521965233,2822628.6073495112,2103388.0223741205,2526245.463705441,2162875.340692601,1140094.0230652923,1698247.507038535,0,3848849.8045154596,3646363.6400402826,1000956.5328943073,3604571.679183949,3305361.915912262,1785786.0377662254,2948556.336210652,1788408.2384895491,930483.6738946262,3412492.903052575,3871786.004188119,3232710.747115427,1656506.8935534107,2707313.0535561997,1915853.8186209986,538843.6176153962,3732671.5216395617,3397688.3495244705,1155042.1192732197,3122545.919456671,2434898.363694081,1010112.8657557794
New Hampshire,1750095.8626929496,5265726.058565448,3649278.839464899,2022024.2510861363,4164614.8287492692,2831833.162291784,220264.30284060084,537657.633151555,664221.272036558,1938116.6766201323,1545360.7718325655,8124458.994192038,3464401.218507804,1413208.4438679803,1275571.2383199306,1771926.9353701114,2177883.412369101,1307972.7673510232,2244494.7249080623,201345.74290571446,630830.1673918844,100183.4849953992,1029786.7228993925,1781321.0015439712,1976275.7348893546,1809362.8528576596,3102374.045746199,2158042.916432133,3848849.8045154596,0,388179.1544087251,3136216.91539393,322982.0073754444,1100460.1887158782,2236109.5016035605,977090.8470943855,2334798.970072108,4037383.2937721065,562854.2218798061,157665.9516507254,1310026.5890878416,2217436.854802013,1522548.039320287,2660391.019791099,3331688.996505793,145190.10896500997,827351.7245061407,3888120.2346111163,937491.6822435547,1415331.5030472714,2874114.8347283117
New Jersey,1378316.3093492696,5346356.664996159,3391108.231800556,1697573.3526016828,3951419.64632787,2616917.61180426,172688.19526515325,149645.58655524583,281560.3003830927,1555151.49727164,1162454.045830228,7953658.257244606,3330917.1732236166,1181551.0972468015,1008320.4942451088,1568999.2853463495,1920232.2795271033,979547.0883304236,1880381.3870499425,588688.6904337103,249499.58242565725,324032.7471721748,848759.6130960362,1654587.5882608097,1615328.4342213268,1533031.570631083,2999407.029610892,1948830.3842774322,3646363.6400402826,388179.1544087251,0,2869436.270317227,122795.37340628552,712873.8771209863,2146254.3690357576,702013.0377534603,2039503.8967335012,3922616.850828825,236208.79063787876,288336.1569888903,922354.4905484809,2063958.8436879313,1172646.5228764103,2324612.773164548,3147221.180780445,420621.30161253293,441065.0381929327,3801174.9149436913,592694.3056595376,1255607.3911349683,2706700.055076872
New Mexico,1808406.7308702562,4204892.962618554,526311.1614303227,1262903.71643114,1207079.885984411,548183.3490226809,3005416.252807236,2767341.5071546896,2641086.3308839714,2452820.6457416336,2076212.3476263885,5212645.625198673,1299833.8502677716,1725735.2182099083,1866490.8824645234,1410729.9658067494,958548.2696812003,1918134.8341148002,1450079.2911754728,3297595.7793061235,2660714.2630998236,3134888.5885193367,2121100.5571819395,1593706.9067551151,1556804.6564881804,1336436.6246241003,1414877.2196189954,1054617.1399020096,1000956.5328943073,3136216.91539393,2869436.270317227,0,2852592.9772635326,2417048.5693033743,1529310.8332089058,2172406.5769610316,858965.9756802785,1786952.322664544,2633807.451062982,3126503.5115039004,2314063.2474542754,1220953.8346148652,1806143.9170762086,915090.1921672575,819301.6963255339,3041761.853447917,2554071.171167364,1903843.3432204411,2299041.9296715516,1795921.2947260079,894188.8328385751
New York,1427376.0283460235,5236762.835170485,3371002.3366681,1709312.7649941405,3913818.7460927432,2578332.374310475,153895.0152251138,244038.77250337915,351862.22253184725,1651843.5771401236,1227048.5636900568,7903489.583546645,3266290.654753352,1144530.4183349388,986111.9824880103,1522906.7779065429,1897644.5935092457,992115.0723959135,1921667.2854916744,522256.1013498516,318070.53815345635,288314.3483923522,788397.3779582265,1583795.8157744084,1653678.8231097911,1517993.4344888614,2925683.1116177873,1906539.558765084,3604571.679183949,322982.0073754444,122795.37340628552,2852592.9772635326,0,791582.5626765828,2067199.299257277,680590.4521573848,2035268.0281040266,3853298.650887471,240707.8498569956,273934.9557892753,1000459.3741780163,2002864.7907803622,1201398.516282362,2344295.162983668,3098528.780768351,319782.24402016314,517290.86585971055,3724257.8148426004,615946.9660558117,1192509.1219749516,2651614.412960711
North Carolina,713147.8033427952,5499221.011134448,2942227.1997494167,1161918.8755470004,3581490.050867692,2288014.584706906,884753.7081697298,563244.2694502902,439726.716560022,882365.2024337585,462884.4234875772,7613197.815812573,3137267.338447627,985931.1855016067,773942.343968639,1361431.2478601844,1540854.034236418,553721.6986160872,1223274.1745711013,1301414.7688102205,473523.23213829263,1034433.7215477151,893333.137635522,1596908.0630165734,975753.6119186312,1149103.1457927076,2878908.125081079,1679816.8121919765,3305361.915912262,1100460.1887158782,712873.8771209863,2417048.5693033743,791582.5626765828,0,2105489.0021159383,610370.1108458791,1558102.0697674425,3746295.2357950676,585830.5378829585,992084.3471762781,209574.88324574602,1903979.205330349,611058.3465462229,1729514.3756814424,2858649.8438284616,1110112.5509762878,274363.5690278845,3681417.070377509,367491.01977291383,1205191.302967072,2472720.0368523328
North Dakota,1929550.0372322956,3432096.27554534,1873043.4147743345,1503731.4124798898,2118715.0113965846,993857.7890325667,2207437.1617106576,2120600.9417613707,2049741.2060267145,2674557.5791053497,2061143.0605182843,5917249.907365766,1248693.405799847,1121705.9039940666,1331948.4430677227,791337.4312571852,1023861.6963113141,1582866.6395349118,1978773.5057329675,2326584.3796844627,2049531.9170406978,2281982.447618597,1311536.074222117,511669.04464072327,1848828.3691437843,1162940.995115575,866570.0685815783,709158.1565611847,1785786.0377662254,2236109.5016035605,2146254.3690357576,1529310.8332089058,2067199.299257277,2105489.0021159383,0,1547204.0376149502,1332863.131462477,1802680.2999776567,1941645.0786159523,2301882.513368894,2144370.8471741136,370262.3381067623,1687651.3193952383,1833085.0729363877,1248998.7824342453,2100911.648749272,2064355.451680776,1657378.5198492946,1788207.3192523648,918785.0150117084,788836.2920536328
Ohio,910882.8248190101,4901711.748159098,2691957.5109920604,1054939.5919259596,3251018.6976434314,1917836.9847303901,833048.8460217011,620995.3204281086,519734.9520502004,1414718.1394733074,819789.7162920332,7261217.440284067,2669304.6322042993,487022.3804869036,306779.8791531439,882666.6929515328,1219393.1416443663,373129.53057773894,1345009.9646864638,1156169.9730968042,527819.8712623499,965486.6843643297,283184.6167953549,1036222.0049771323,1076660.1743088942,837412.5670361931,2366564.531870839,1254405.9030797244,2948556.336210652,977090.8470943855,702013.0377534603,2172406.5769610316,680590.4521573848,610370.1108458791,1547204.0376149502,0,1358074.0048803035,3270689.893578295,466050.0520794035,954499.1691136826,733343.4973212183,1403418.2904803967,618937.7985061143,1698442.484730725,2456846.2989421063,904886.4575755168,517263.03789950674,3173647.586138456,250503.03854324768,628634.9680951056,2027550.9521532946
Oklahoma,974014.089207676,4585248.26970012,1384294.2395230788,410840.1986269663,2040738.1620416043,850628.8271425742,2185271.528169028,1928217.983473607,1797878.1304070048,1678387.793438348,1230776.1336994164,6065319.504613497,1810032.0766042455,967610.4350921434,1061731.914621522,784092.7489322512,318879.4906729713,1070005.6912263394,739736.1371824443,2509482.2090733964,1819609.7804858817,2322272.6012589834,1363656.5157222454,1107755.4720264005,748621.9241820368,534724.5457059445,1712610.4155999853,625695.0157172056,1788408.2384895491,2334798.970072108,2039503.8967335012,858965.9756802785,2035268.0281040266,1558102.0697674425,1332863.131462477,1358074.0048803035,0,2396896.152776098,1806739.048568407,2308028.774931652,1458725.3062276293,964322.1816635688,947179.1545640607,512441.573654377,1418310.9874973253,2255017.0232466836,1701909.470894935,2421389.8995042644,1456501.3543426187,1128463.8787844449,1169227.9731278068
Oregon,3334203.805659346,2509987.35616011,1570364.2028236429,2775711.882477862,1057628.8306589718,1546278.5712989378,3998186.7860883516,3878525.2320294008,3789699.9872302995,4069572.8283950887,3554569.854251927,4133196.318757921,609412.9724667796,2793408.8007445773,3001719.946607325,2398178.988517185,2259386.3522522664,3192657.118188358,3122854.2864412246,4128840.861691532,3795236.8696752987,4080207.092485894,3074445.3281027153,2269530.070585836,3139314.4574845107,2616894.2435318064,936479.3949614087,2067933.5581659882,930483.6738946262,4037383.2937721065,3922616.850828825,1786952.322664544,3853298.650887471,3746295.2357950676,1802680.2999776567,3270689.893578295,2396896.152776098,0,3704758.476560668,4097434.8569583944,3723061.884431508,1867317.9459763197,3200992.3749199235,2664829.8668108145,994839.8488867091,3903218.6715934896,3772192.6253951937,304363.77029182354,3488018.7816697177,2667781.150716306,1278519.0080249305
Pennsylvania,1190106.5302593403,5198650.818288186,3155144.231634341,1472384.3300485492,3716440.6756314477,2382445.014058968,381290.7819194662,180446.77569941897,174275.30352333796,1464688.3089202098,999683.5583974167,7722177.045138015,3109459.5243853144,947860.2408770915,772155.6997848889,1338082.3927622696,1684034.6967988117,754149.4950377234,1681765.3574696088,760286.605949103,149701.47764670322,526417.4068068085,632380.661224789,1442024.0380922467,1413423.4898964935,1297372.3499122264,2786791.280061215,1715858.2734804812,3412492.903052575,562854.2218798061,236208.79063787876,2633807.451062982,240707.8498569956,585830.5378829585,1941645.0786159523,466050.0520794035,1806739.048568407,3704758.476560668,0,504454.5257135217,789544.5717433257,1841282.9438575043,960705.016475587,2105195.2402619193,2916044.0085642557,538646.9897041571,321832.9367921572,3591234.948995961,375247.05782501213,1037530.3705406919,2479105.1641190425
Rhode Island,1666480.9894658413,5389658.599791667,3644685.3943513003,1976748.5793199083,4182884.038718076,2847564.804187331,123189.88890674192,433217.9855368736,569083.398852501,1807153.4509644082,1447173.489023795,8164209.155091703,3516337.4344274723,1415900.6145350842,1260013.6659730605,1789894.6606029132,2171274.0847662967,1258366.6786278165,2168666.925586603,329161.95474166167,537540.3478520127,57923.56205829342,1050346.6434697288,1831063.874498112,1903347.8771003252,1791880.2355967432,3165531.661877494,2174741.328368354,3871786.004188119,157665.9516507254,288336.1569888903,3126503.5115039004,273934.9557892753,992084.3471762781,2301882.513368894,954499.1691136826,2308028.774931652,4097434.8569583944,504454.5257135217,0,1200413.2235796463,2258420.1443884703,1458478.0156755354,2607947.0876562865,3362062.7217654553,278435.4035258923,724725.045345718,3958462.720129707,875286.7270094668,1449338.3845282458,2911049.404133728
South Carolina,545807.9762344207,5563368.175738919,2835440.4941098127,1051161.4990858189,3497200.3648061357,2231030.3625314482,1094070.3842829522,772711.3378746297,648749.8908316407,695878.2396389595,274572.2452858473,7524044.659401122,3113895.324804112,1026277.2088419041,824359.6663307148,1372768.7363458446,1482846.1044614795,561528.4296506699,1047950.3973850982,1510952.1863115837,682543.2220256643,1243439.2792943427,1012151.3651461779,1645259.4109395233,815949.7080052139,1106694.1727393623,2881145.445551702,1657526.1710323733,3232710.747115427,1310026.5890878416,922354.4905484809,2314063.2474542754,1000459.3741780163,209574.88324574602,2144370.8471741136,733343.4973212183,1458725.3062276293,3723061.884431508,789544.5717433257,1200413.2235796463,0,1911349.2484282781,528292.1553929017,1577744.4240999604,2807626.9578686454,1318373.6188966308,483619.8004165422,3676046.81678028,518621.3112731158,1274315.7310988365,2444720.1184381796
South Dakota,1630192.5737348313,3725073.7344064163,1622991.6005950659,1162579.5456616876,1983946.2233902602,722799.9674909398,2152067.8625896685,2013041.5238190615,1922402.9607263473,2384889.1655937787,1792397.5573627285,5907598.029985784,1268277.9860460218,929984.3602311085,1141201.4429732792,542573.6985913445,660058.4728285079,1357147.2303703104,1629553.3246697842,2336416.0018666177,1928203.006725855,2247764.2991902,1215921.0016148887,447019.2839260121,1520455.2507795622,855155.9806656459,974997.6259242534,345723.3506087141,1656506.8935534107,2217436.854802013,2063958.8436879313,1220953.8346148652,2002864.7907803622,1903979.205330349,370262.3381067623,1403418.2904803967,964322.1816635688,1867317.9459763197,1841282.9438575043,2258420.1443884703,1911349.2484282781,0,1418980.4998028209,1462847.0777737598,1124455.1575600568,2093500.727054316,1908051.5556469643,1779426.8370385815,1624282.8012149956,810358.2511712984,658247.041682849
